%%
function opt = arc2010_455;
opt = [300 2.91       1.62       0.81       0.36       10.16
310        3.48       1.92       0.96       0.43       12.19
320        4.36       2.40       1.21       0.52       15.15
330        5.50       3.05       1.53       0.67       19.25
340        7.46       4.13       2.08       0.93       26.12
350        7.97       4.41       2.19       0.98       28.22
360        10.66      5.89       2.95       1.33       37.70
370        14.12      7.80       3.93       1.76       49.95
380        18.04      9.98       5.04       2.27       63.72
390        23.12      12.82      6.45       2.92       81.56
400        29.30      16.21      8.18       3.71       103.28
410        36.77      20.32      10.27      4.67       129.76
420        45.01      24.94      12.61      5.73       159.17
430        54.05      29.92      15.12      6.88       190.92
440        63.85      35.33      17.87      8.15       225.64
450        74.61      41.19      20.86      9.51       263.40
460        86.24      47.62      24.10      11.01      304.39
470        98.60      54.37      27.54      12.59      347.97
480        111.65     61.55      31.17      14.27      394.01
490        125.49     69.15      34.95      16.04      443.04
500        140.24     77.28      39.05      17.94      495.14
510        155.03     85.40      43.14      19.84      547.43
520        170.51     93.94      47.44      21.84      602.70
530        186.52     102.76     51.92      23.91      659.67
540        202.43     111.57     56.34      25.97      716.45
550        218.66     120.53     60.88      28.08      774.50
560        235.54     129.81     65.59      30.27      834.75
570        252.23     139.03     70.22      32.42      894.12
580        268.49     148.03     74.76      34.55      952.23
590        285.06     157.06     79.32      36.61      1011.01
600        301.91     166.28     83.99      38.79      1070.89
610        318.16     174.99     88.37      40.82      1127.22
620        334.36     183.79     92.83      42.91      1184.51
630        350.52     192.46     97.23      44.95      1239.98
640        366.89     201.22     101.64     47.00      1295.10
650        383.01     209.89     106.04     49.01      1348.81
660        398.61     218.36     110.35     50.98      1400.07
670        414.64     227.18     114.84     53.03      1451.93
680        430.46     236.03     119.38     55.05      1502.45
690        445.36     244.50     123.71     56.98      1549.61
700        459.81     252.89     128.02     58.91      1595.92
710        473.83     261.09     132.25     60.78      1640.75
720        487.07     268.74     136.24     62.55      1683.59
730        498.83     275.63     139.80     64.16      1721.90
740        509.91     282.16     143.17     65.67      1757.95
750        519.44     287.83     146.07     67.00      1789.12
760        528.18     292.97     148.74     68.19      1818.38
770        535.96     297.53     151.10     69.26      1844.70
780        543.77     302.07     153.42     70.34      1871.51
790        550.40     305.88     155.39     71.23      1895.01
800        555.83     308.98     156.99     71.99      1914.27
810        561.28     312.12     158.55     72.72      1933.15
820        566.42     315.08     160.08     73.38      1950.81
830        571.64     317.99     161.59     74.08      1968.04
840        577.71     321.49     163.37     74.88      1988.83
850        583.90     325.00     165.22     75.73      2010.02
860        590.96     328.96     167.22     76.66      2033.41
870        598.06     332.89     169.22     77.57      2055.42
880        605.13     337.19     171.26     78.50      2077.75
890        612.25     341.06     173.31     79.46      2099.88
900        618.89     345.15     176.04     80.47      2125.28
910        627.57     349.43     177.37     81.51      2149.38
920        635.72     353.75     180.18     82.30      2174.71
930        640.71     357.99     181.79     83.35      2191.62
940        645.58     360.19     183.44     84.00      2205.85
950        651.10     363.05     184.67     84.48      2220.14
960        657.00     366.47     186.28     85.78      2238.74
970        661.71     369.20     187.57     86.24      2253.51
980        665.66     371.30     188.96     86.65      2263.34
990        668.65     373.20     190.19     87.62      2273.65
1000       670.87     374.52     190.62     87.43      2278.27
1010       673.50     376.17     191.75     87.53      2284.81
1020       674.63     376.38     191.48     87.85      2284.29
1030       675.08     376.63     192.26     88.14      2286.59
1040       676.07     377.44     191.64     87.74      2288.31
1050       673.42     376.38     191.89     87.23      2281.29
1060       673.50     375.71     191.75     88.05      2277.93
1070       671.66     374.90     191.33     87.41      2271.07
1080       669.54     374.40     190.79     86.94      2262.32
1090       667.75     373.55     190.25     86.83      2255.21
1100       664.92     371.69     189.51     86.46      2243.98
1110       661.17     368.38     187.81     85.40      2227.27
1120       652.53     364.91     185.32     85.07      2201.31
1130       647.18     361.90     184.09     84.02      2182.36
1140       643.38     359.05     183.43     83.62      2167.59
1150       638.05     356.87     183.41     83.41      2150.14
1160       635.22     355.45     181.04     82.83      2140.55
1170       630.05     352.88     179.42     82.40      2120.83
1180       618.17     345.70     176.01     80.88      2079.18
1190       614.89     343.76     174.95     79.94      2067.48
1200       616.37     345.20     176.57     80.38      2072.58
1210       613.90     344.22     175.22     79.19      2065.81
1220       608.94     341.31     174.36     78.96      2048.84
1230       605.63     338.87     172.99     78.59      2035.96
1240       600.64     336.50     172.00     78.35      2018.79
1250       594.46     332.98     169.94     76.48      1998.18
1260       588.96     330.30     168.76     76.71      1979.28
1270       582.67     326.84     166.91     76.32      1957.67
1280       574.87     321.39     164.87     75.27      1931.37
1290       569.77     319.67     163.41     74.13      1914.16
1300       562.44     316.22     161.39     73.09      1890.59
1310       555.20     311.21     159.00     72.07      1864.69
1320       548.62     307.18     156.85     71.49      1841.54
1330       540.90     303.08     154.53     70.61      1816.61
1340       530.20     296.84     151.89     68.92      1780.02
1350       505.84     283.71     145.20     66.27      1703.59
1360       479.21     267.62     137.63     62.78      1621.60
1370       469.70     263.64     135.00     61.49      1589.06
1380       463.41     260.11     132.72     59.75      1567.88
1390       455.89     254.87     130.32     59.65      1542.79
1400       449.40     252.39     128.48     58.44      1521.23
1410       448.33     251.08     128.08     59.28      1516.81
1420       449.70     252.51     128.46     58.05      1518.62
1430       446.27     250.43     127.75     58.56      1507.88
1440       443.41     249.08     127.18     58.12      1496.40
1450       439.65     246.74     125.85     57.33      1480.68
1460       435.72     245.25     124.87     56.90      1468.82
1470       429.74     242.38     123.24     56.23      1452.14
1480       427.27     239.95     122.38     55.71      1437.77
1490       422.25     237.44     121.08     55.00      1421.24
1500       416.05     234.28     119.53     54.42      1402.85
1510       410.69     231.09     117.73     53.54      1382.68
1520       405.24     228.10     116.42     52.83      1363.71
1530       399.48     224.71     114.39     52.35      1343.82
1540       393.81     221.57     112.87     51.14      1324.71
1550       389.02     218.79     111.66     50.91      1308.18
1560       384.60     216.42     110.19     50.05      1292.69
