function [adj, NAD, NAN,OND,gv] = ACCP_QI_adj_v1;
% [adj, NAD, NAN,OND,gv] = ACCP_QI_adj_v1;
% The adj matrix has GV in col 1, followed by adjustment for each platform

% Copied from GoogleSheet SIT-A Study Team Scoring for 8K on 2020-06-10 at the conclusion of discussions
% Step 1. Copy GV column from GoogleSheet "Adjustments" tab into Excel file (works better with Matlab)
% Step 2. Copy block of adjustments Cell [FG,1] to [FS,57] (includes
% headings, comments, NAD/NAN/OND groupings of [SSP0,SSP1,SSP2,SSG3]
% Step 3. Copy block of numeric values (GV#, adjustments) from Excel file
% into matlab function ACCP_QI_adj_v?.m in between square brackets for adj = [...];
% Step 4. Save as new version.  
% Step 5. Modify plot_ACCP_Q_adjust_V2_nopng to call new ACCP_QI_adj version
% Step 6. Modify plot_ACCP_Q_adjust_V2_nopng to call new ACCP_QI_adj version

% [SSP0, SSP1, SSP3, SSG3] for each surface [NAD, NAN, OND]
adj = [1	-0.09	-0.05	-0.12	-0.11	0.04	0.07	0.01	0.01	-0.11	-0.1	-0.11	-0.12
2	-0.08	-0.05	-0.12	-0.11	0.03	0.06	0	0	-0.1	-0.1	-0.1	-0.11
3	-0.07	-0.05	-0.1	-0.09	0.04	0.05	0.02	0.02	-0.1	-0.1	-0.1	-0.11
4	-0.07	-0.05	-0.1	-0.09	0.04	0.05	0.02	0.02	-0.1	-0.1	-0.1	-0.11
5	-0.09	-0.05	-0.12	-0.11	0.04	0.06	0.01	0.01	-0.11	-0.11	-0.11	-0.12
6	-0.09	-0.05	-0.12	-0.11	0.04	0.06	0.01	0.01	-0.11	-0.11	-0.11	-0.12
7	-0.06	-0.05	-0.09	-0.08	0.05	0.05	0.03	0.03	-0.11	-0.11	-0.11	-0.12
8	-0.07	-0.05	-0.1	-0.09	0.05	0.05	0.02	0.02	-0.11	-0.11	-0.11	-0.12
9	-0.03	-0.01	-0.05	-0.05	0	0.01	-0.01	-0.01	-0.13	-0.13	-0.13	-0.14
10	-0.01	0	-0.03	-0.03	-0.01	0	-0.01	-0.01	-0.04	-0.04	-0.04	-0.04
11	-0.01	0	-0.04	-0.04	0	0	-0.02	-0.02	-0.02	-0.02	-0.02	-0.02
12	-0.01	0	-0.05	-0.05	0	0	-0.02	-0.02	-0.02	-0.02	-0.02	-0.02
13	-0.01	0	-0.04	-0.04	0.04	0.05	0.03	0.03	0.02	0.02	0.02	0.02
14	-0.01	0	-0.06	-0.05	-0.01	0	-0.03	-0.03	-0.03	-0.03	-0.03	-0.03
15	-0.01	0	-0.04	-0.04	0.01	0.01	-0.02	-0.02	-0.01	-0.01	-0.01	-0.02
16	-0.01	0	-0.04	-0.04	0	0	-0.02	-0.02	-0.02	-0.02	-0.02	-0.02
21	0	0	-0.03	-0.03	0	0	0.04	0.04	-0.01	-0.01	-0.01	-0.02
22	0	0	-0.03	-0.03	0	0	0.02	0.02	-0.03	-0.03	-0.03	-0.03
27	0	0	-0.02	-0.02	0	0	-0.02	-0.02	-0.01	-0.01	-0.01	-0.02
28	0	0	-0.02	-0.02	0	0	-0.02	-0.02	-0.01	-0.01	-0.01	-0.02
31	-0.02	0	-0.04	-0.04	0.01	0.06	0	-0.01	0	0	0	-0.01
32	-0.02	0	-0.04	-0.04	-0.01	0.02	-0.01	0	-0.01	-0.01	-0.01	-0.02
33	0	0	0	0	0	0.01	0.05	0.05	-0.01	-0.01	-0.01	-0.02
34	0	0	-0.01	-0.01	0	0.01	0.04	0.03	-0.02	-0.02	-0.02	-0.02
35	0	0	0	0	0.01	0.01	0.03	0.03	-0.01	-0.01	-0.01	-0.02
36	0	0	-0.01	-0.01	0.01	0.01	0.02	0.02	-0.02	-0.02	-0.02	-0.02
37	-0.01	0	-0.03	-0.03	0	0	-0.01	0	0	0	-0.01	-0.01
38	0	0	-0.03	-0.03	0	0	-0.01	-0.01	-0.01	-0.01	-0.01	-0.02
39	0	0	-0.04	-0.04	0	0	-0.02	-0.02	-0.08	-0.08	-0.08	-0.09
40	-0.01	0	-0.05	-0.05	0	0	-0.01	-0.01	-0.02	-0.02	-0.02	-0.02
41	-0.12	-0.11	-0.16	-0.15	0	0	-0.01	-0.01	-0.16	-0.16	-0.12	-0.17
42	-0.02	0	-0.06	-0.06	0.1	0.15	0.08	0.08	0	0	0	0
43	-0.02	0	-0.07	-0.07	0.03	0.07	0.02	0.02	0	0	0	0
44	-0.02	-0.01	-0.06	-0.06	0.11	0.14	0.08	0.08	0	0	0	0
45	-0.02	-0.01	-0.06	-0.06	0.12	0.15	0.08	0.08	0	0	0	0
46	0	0	-0.02	-0.02	0	0	-0.02	-0.02	0	0	0	0
47	0	0	-0.02	-0.02	0	0	-0.02	-0.02	0	0	0	0
48	0	0	-0.03	-0.03	0.1	0.13	0.1	0.1	0	0	0	0
49	0	0	-0.02	-0.02	0	0.02	0	0	0	0	0	0
50	0	0	0.01	0.01	0	0	0.02	0.02	0	0	0	0
51	0	0	0.02	0.02	0	0	0	0	0	0	0	0
52	0	0	-0.02	-0.02	0	0	0	0	0	0	0	0
53	0	0	-0.02	-0.02	0	0	0	-0.01	0	0	0	0
54	-0.01	-0.01	-0.03	-0.03	0.07	0.11	0.05	0.05	0	0	0	0
55	0	0	-0.03	-0.03	0.05	0.09	0.05	0.04	0	0	0	0
56	-0.01	0	-0.03	-0.03	0.01	0.01	0	-0.01	0	0	0	0
57	0	0	-0.03	-0.03	0.01	0.01	-0.01	-0.01	0	0	0	0
62	0	0	-0.02	-0.02	0	0	-0.01	-0.02	0	0	0	0
63	0	0	-0.02	-0.02	0	0	-0.01	-0.02	0	0	0	0
68	0	0	-0.02	-0.02	0	0	-0.02	-0.02	0	0	0	0
69	0	0	-0.02	-0.02	0	0	-0.02	-0.02	0	0	0	0
72	0	0.01	-0.02	-0.02	-0.02	-0.02	-0.04	-0.04	-0.02	-0.01	-0.01	-0.01
73	0.01	0.01	0	-0.01	-0.02	-0.02	-0.04	-0.04	-0.04	-0.03	-0.03	-0.03
];
gv = adj(:,1);
NAD = adj(:,[2:5]);
NAN = adj(:,[6:9]);
OND = adj(:,[10:13]);