function [adj, NAD, NAN,OND,gv] = ACCP_QI_adj_v2;
% [adj, NAD, NAN,OND,gv] = ACCP_QI_adj_v2;
% The adj matrix has GV in col 1, followed by adjustment for each platform
% and re-adjustment on 20200611 after RES5 bug discovered and fixed

% Copied from GoogleSheet SIT-A Study Team Scoring for 8K on 2020-06-10 at the conclusion of discussions
% Step 1. Copy GV column from GoogleSheet "Adjustments" tab into Excel file (works better with Matlab)
% Step 2. Copy block of adjustments Cell [FG,1] to [FS,57] (includes
% headings, comments, NAD/NAN/OND groupings of [SSP0,SSP1,SSP2,SSG3]
% Step 3. Copy block of numeric values (GV#, adjustments) from Excel file
% into matlab function ACCP_QI_adj_v?.m in between square brackets for adj = [...];
% Step 4. Save as new version.  
% Step 5. Modify plot_ACCP_Q_adjust_V2_nopng to call new ACCP_QI_adj version
% Step 6. Modify plot_ACCP_Q_adjust_V2_nopng to call new ACCP_QI_adj version

% [SSP0, SSP1, SSP3, SSG3] for each surface [NAD, NAN, OND]
adj = [1	-0.049	-0.026	-0.082	-0.077	-0.026	-0.004	-0.05	-0.052	-0.077	-0.073	-0.077	-0.084
2	-0.076	-0.045	-0.114	-0.106	-0.017	0.015	-0.041	-0.043	-0.091	-0.086	-0.091	-0.097
3	-0.054	-0.035	-0.077	-0.073	-0.013	-0.004	-0.032	-0.034	-0.086	-0.082	-0.086	-0.093
4	-0.072	-0.054	-0.1	-0.093	-0.004	0.015	-0.023	-0.025	-0.091	-0.086	-0.091	-0.097
5	-0.049	-0.017	-0.077	-0.073	-0.017	-0.004	-0.041	-0.043	-0.082	-0.077	-0.082	-0.088
6	-0.085	-0.045	-0.114	-0.106	-0.008	0.015	-0.032	-0.034	-0.1	-0.095	-0.1	-0.106
7	-0.049	-0.035	-0.073	-0.068	0.019	0.033	0.005	0.003	-0.082	-0.077	-0.082	-0.088
8	-0.067	-0.054	-0.1	-0.093	0.019	0.033	-0.005	-0.002	-0.095	-0.091	-0.095	-0.102
9	-0.034	-0.011	-0.055	-0.052	-0.005	0.009	-0.014	-0.014	-0.132	-0.132	-0.132	-0.138
10	-0.011	-0.002	-0.027	-0.027	-0.009	0	-0.014	-0.014	-0.036	-0.036	-0.036	-0.043
11	-0.013	-0.004	-0.036	-0.035	-0.004	-0.004	-0.018	-0.02	-0.018	-0.018	-0.018	-0.025
12	-0.013	-0.004	-0.048	-0.046	-0.004	-0.004	-0.018	-0.02	-0.023	-0.023	-0.023	-0.029
13	-0.013	-0.004	-0.041	-0.039	0.015	0.016	0.018	0.018	-0.05	-0.05	-0.05	-0.097
14	-0.013	-0.004	-0.053	-0.05	-0.008	-0.004	-0.014	-0.014	-0.041	-0.041	-0.041	-0.047
15	-0.008	-0.004	-0.036	-0.035	0.005	0.005	0	0	-0.032	-0.032	-0.032	-0.038
16	-0.013	-0.004	-0.039	-0.038	-0.004	-0.004	-0.018	-0.02	-0.018	-0.018	-0.018	-0.025
21	-0.003	-0.004	-0.032	-0.031	-0.004	-0.004	0.041	0.039	-0.009	-0.009	-0.009	-0.015
22	-0.004	-0.004	-0.035	-0.033	-0.004	-0.004	0.023	0.021	-0.027	-0.027	-0.027	-0.034
27	-0.004	-0.004	-0.018	-0.018	-0.004	-0.004	-0.018	-0.02	-0.009	-0.009	-0.009	-0.015
28	-0.004	-0.004	-0.018	-0.018	-0.004	-0.004	-0.018	-0.02	-0.009	-0.009	-0.009	-0.015
31	-0.026	0.001	-0.041	-0.039	0.001	0.019	0.014	0.014	-0.009	-0.009	-0.009	-0.015
32	-0.022	0.001	-0.036	-0.035	-0.008	0.01	0.009	0.009	-0.027	-0.027	-0.027	-0.034
33	-0.004	-0.004	0	-0.002	-0.004	0.005	0.055	0.053	-0.009	-0.009	-0.009	-0.015
34	-0.004	-0.004	-0.009	-0.01	-0.004	0.005	0.036	0.035	-0.018	-0.018	-0.018	-0.025
35	-0.004	-0.004	0	-0.002	0.005	0.005	0.027	0.025	-0.009	-0.009	-0.009	-0.015
36	-0.004	-0.004	-0.009	-0.01	0.005	0.005	0.018	0.016	-0.018	-0.018	-0.018	-0.025
37	-0.008	-0.004	-0.027	-0.027	-0.005	0	-0.009	-0.005	-0.005	0	-0.009	-0.014
38	-0.004	-0.004	-0.032	-0.031	-0.005	0	-0.014	-0.014	-0.009	-0.009	-0.009	-0.015
39	-0.004	-0.004	-0.041	-0.039	-0.005	0	-0.023	-0.023	-0.077	-0.077	-0.077	-0.084
40	-0.007	-0.003	-0.055	-0.052	-0.005	0	-0.009	-0.009	-0.018	-0.018	-0.018	-0.025
41	-0.117	-0.108	-0.159	-0.148	-0.005	0	-0.009	-0.009	-0.159	-0.159	-0.123	-0.165
42	-0.022	-0.008	-0.059	-0.056	0.095	0.136	0.073	0.073	0	0	0	-0.005
43	-0.017	-0.008	-0.068	-0.064	0.023	0.055	0.014	0.014	0	0	0	-0.005
44	-0.016	-0.013	-0.055	-0.052	0.078	0.096	0.041	0.039	0.009	0.009	0.009	0.005
45	-0.017	-0.013	-0.059	-0.056	0.096	0.11	0.055	0.053	0	0	0	-0.005
46	-0.004	-0.004	-0.023	-0.023	-0.004	-0.004	-0.018	-0.02	0	0	0	-0.005
47	-0.004	-0.004	-0.023	-0.023	-0.004	-0.004	-0.014	-0.014	0	0	0	-0.005
48	-0.004	-0.004	-0.027	-0.027	0.087	0.133	0.095	0.094	0	0	0	-0.005
49	-0.004	-0.004	-0.018	-0.018	-0.004	0.024	0	-0.002	0	0	0	-0.005
50	-0.004	-0.004	0.009	0.007	-0.004	-0.004	0.018	0.016	0	0	0	-0.005
51	-0.004	-0.004	0.018	0.015	-0.004	-0.004	0.018	0.016	0	0	0	-0.005
52	-0.004	-0.004	-0.018	-0.014	-0.004	-0.004	0.005	0.003	0	0	0	-0.005
53	-0.004	-0.004	-0.018	-0.014	-0.004	-0.004	0.005	0.003	0	0	0	-0.005
54	-0.004	-0.004	-0.018	-0.018	0.046	0.055	0.032	0.032	-0.009	-0.009	-0.009	-0.014
55	-0.004	-0.004	-0.018	-0.018	0.046	0.055	0.032	0.03	0	0	0	-0.005
56	-0.008	-0.004	-0.027	-0.027	-0.004	-0.004	-0.009	-0.009	0.009	0.009	0.009	0.005
57	-0.004	-0.004	-0.027	-0.027	-0.004	-0.004	-0.018	-0.02	0	0	0	-0.005
62	-0.004	-0.004	-0.018	-0.018	-0.004	-0.004	-0.014	-0.015	0	0	0	-0.005
63	-0.004	-0.004	-0.018	-0.018	-0.004	-0.004	-0.014	-0.015	-0.009	-0.009	-0.009	-0.014
68	-0.004	-0.004	-0.018	-0.018	-0.004	-0.004	-0.018	-0.02	0	0	0	-0.005
69	-0.004	-0.004	-0.018	-0.018	-0.004	-0.004	-0.018	-0.02	0	0	0	-0.005
72	0.001	0.005	-0.023	-0.023	-0.022	-0.022	-0.036	-0.038	-0.018	-0.009	-0.009	-0.014
73	0.019	0.019	0	-0.002	-0.022	-0.022	-0.041	-0.043	-0.036	-0.027	-0.027	-0.032

];
gv = adj(:,1);
NAD = adj(:,[2:5]);
NAN = adj(:,[6:9]);
OND = adj(:,[10:13]);