function [adj, NAD, NAN,OND,gv] = ACCP_QI_adj_v0;
% Copied from GoogleSheet SIT-A Study Team Scoring for 8K on 2020-06-09
% while conversation ongoing just to get structure
% The adj matrix has GV in col 1, followed by adjustment for each platform
% [SSP0, SSP1, SSP3, SSG3] for each surface [NAD, NAN, OND]
adj = [1	-0.02	0	-0.06	-0.06	-0.02	0.01	-0.05	-0.05	-0.02	-0.02	-0.02	-0.02
2	-0.02	0	-0.06	-0.06	-0.02	0.01	-0.05	-0.05	-0.02	-0.02	-0.02	-0.02
3	-0.01	0	-0.04	-0.04	0	0.01	-0.03	-0.03	-0.02	-0.02	-0.02	-0.02
4	-0.02	0	-0.05	-0.04	0	0.01	-0.03	-0.03	-0.02	-0.02	-0.02	-0.02
5	-0.03	0	-0.06	-0.06	-0.01	0.01	-0.04	-0.04	-0.03	-0.03	-0.03	-0.03
6	-0.04	-0.01	-0.07	-0.06	-0.01	0.01	-0.04	-0.04	-0.03	-0.03	-0.03	-0.03
7	-0.01	0	-0.04	-0.04	0	0.01	-0.02	-0.02	-0.03	-0.03	-0.03	-0.03
8	-0.02	-0.01	-0.05	-0.05	0	0	-0.03	-0.02	-0.03	-0.03	-0.03	-0.03
9	-0.02	0	-0.04	-0.04	-0.01	0	-0.02	-0.02	-0.13	-0.13	-0.13	-0.14
10	-0.01	0	-0.03	-0.03	-0.01	0	-0.01	-0.01	-0.04	-0.04	-0.04	-0.04
11	-0.01	0	-0.04	-0.04	0	0	-0.02	-0.02	-0.02	-0.02	-0.02	-0.02
12	-0.01	0	-0.05	-0.05	0	0	-0.02	-0.02	-0.02	-0.02	-0.02	-0.02
13	-0.01	0	-0.04	-0.04	0.04	0.05	0.03	0.03	0.02	0.02	0.02	0.02
14	-0.01	0	-0.06	-0.05	-0.01	0	-0.03	-0.03	-0.03	-0.03	-0.03	-0.03
15	-0.01	0	-0.04	-0.04	0.01	0.01	-0.02	-0.02	-0.01	-0.01	-0.01	-0.02
16	-0.01	0	-0.04	-0.04	0	0	-0.02	-0.02	-0.02	-0.02	-0.02	-0.02
21	0	0	-0.03	-0.03	0	0	0.04	0.04	-0.01	-0.01	-0.01	-0.02
22	0	0	-0.03	-0.03	0	0	0.02	0.02	-0.03	-0.03	-0.03	-0.03
27	0	0	-0.02	-0.02	0	0	-0.02	-0.02	-0.01	-0.01	-0.01	-0.02
28	0	0	-0.02	-0.02	0	0	-0.02	-0.02	-0.01	-0.01	-0.01	-0.02
31	-0.02	0	-0.04	-0.04	0.01	0.06	0	-0.01	0	0	0	-0.01
32	-0.02	0	-0.04	-0.04	-0.01	0.02	-0.01	0	-0.01	-0.01	-0.01	-0.02
33	0	0	0	0	0	0.01	0.05	0.05	-0.01	-0.01	-0.01	-0.02
34	0	0	-0.01	-0.01	0	0.01	0.04	0.03	-0.02	-0.02	-0.02	-0.02
35	0	0	0	0	0.01	0.01	0.03	0.03	-0.01	-0.01	-0.01	-0.02
36	0	0	-0.01	-0.01	0.01	0.01	0.02	0.02	-0.02	-0.02	-0.02	-0.02
37	-0.01	0	-0.03	-0.03	0	0	-0.01	0	0	0	-0.01	-0.01
38	0	0	-0.03	-0.03	0	0	-0.01	-0.01	-0.01	-0.01	-0.01	-0.02
39	0	0	-0.04	-0.04	0	0	-0.02	-0.02	-0.08	-0.08	-0.08	-0.09
40	-0.01	0	-0.05	-0.05	0	0	-0.01	-0.01	-0.01	-0.01	-0.01	-0.02
41	-0.02	-0.01	-0.06	-0.06	0	0	-0.01	-0.01	-0.05	-0.05	-0.05	-0.06
42	0	0	-0.03	-0.03	-0.01	0.02	-0.01	-0.01	0.02	0.02	0.02	0.01
43	0	0	-0.04	-0.04	-0.01	0.01	-0.01	-0.01	0.02	0.02	0.02	0.01
44	0	0	-0.03	-0.03	-0.01	0	-0.02	-0.02	0.02	0.02	0.02	0.01
45	0	0	-0.04	-0.04	-0.01	0	-0.03	-0.03	0.02	0.02	0.02	0.01
46	0	0	-0.02	-0.02	0	0	-0.02	-0.02	0	0	0	0
47	0	0	-0.02	-0.02	0	0	-0.02	-0.02	0	0	0	0
48	0	0	-0.03	-0.03	-0.02	0.02	-0.02	-0.02	0	0	0	0
49	0	0	-0.03	-0.03	-0.02	0.01	-0.02	-0.02	0	0	0	0
50	0	0	0.01	0.01	0.01	0.01	0.03	0.03	0	0	0	0
51	0	0	0.02	0.02	0.01	0.01	0.01	0.01	0	0	0	0
52	0	0	-0.02	-0.02	0	0	0	0	0	0	0	0
53	0	0	-0.02	-0.02	0	0	-0.01	-0.01	0	0	0	0
54	0	0	-0.02	-0.02	-0.01	0.02	-0.03	-0.03	0	0	0	0
55	0	0	-0.03	-0.03	-0.01	0.01	-0.03	-0.03	0	0	0	0
56	-0.01	0	-0.02	-0.02	0.01	0.01	-0.01	-0.01	0	0	0	0
57	0	0	-0.02	-0.02	0.01	0.01	-0.01	-0.01	0	0	0	0
62	0	0	-0.02	-0.02	0	0	0	-0.01	0	0	0	0
63	0	0	-0.02	-0.02	0	0	-0.01	-0.01	0	0	0	0
68	0	0	-0.02	-0.02	0	0	-0.02	-0.02	0	0	0	0
69	0	0	-0.02	-0.02	0	0	-0.02	-0.02	0	0	0	0
72	0	0.01	-0.02	-0.02	0	0	-0.02	-0.02	0	0	0	0
73	0	0	-0.02	-0.02	0	0	-0.02	-0.02	0	0	0	0
];
gv = adj(:,1);
NAD = adj(:,[2:5]);
NAN = adj(:,[6:9]);
OND = adj(:,[10:13]);