function mean_adj = SITA_Sept_adj_v2
% These values copied from GoogleSheet https://docs.google.com/spreadsheets/d/1KPh9GzDa6Kq9qKmZQ41Eqv_A4rEVcQUCdwrciuob-FU/edit#gid=80731170
% on 2020-10-16 at 18:49 Central Time

% mean_adj = [GV x [obs(4)*plt(f)]] = 65x16


mean_adj = [-0.122	-0.056	-0.228	-0.228	-0.044	-0.017	-0.083	-0.083	-0.128	-0.061	-0.228	-0.228	-0.033	-0.028	-0.033	-0.033
-0.117	-0.056	-0.211	-0.211	-0.031	0.014	-0.089	-0.089	-0.117	-0.056	-0.206	-0.206	-0.033	-0.028	-0.033	-0.033
-0.100	-0.067	-0.178	-0.178	-0.022	-0.006	-0.072	-0.072	-0.100	-0.072	-0.178	-0.178	-0.039	-0.033	-0.039	-0.039
-0.067	-0.033	-0.144	-0.144	-0.017	0.033	-0.056	-0.056	-0.067	-0.033	-0.144	-0.144	-0.039	-0.033	-0.039	-0.039
-0.100	-0.033	-0.172	-0.172	-0.028	0.022	-0.067	-0.067	-0.100	-0.033	-0.172	-0.172	-0.033	-0.028	-0.033	-0.033
-0.111	-0.044	-0.183	-0.183	-0.048	0.031	-0.094	-0.094	-0.111	-0.044	-0.178	-0.178	-0.050	-0.044	-0.050	-0.050
-0.061	-0.033	-0.117	-0.117	-0.017	-0.011	-0.072	-0.072	-0.061	-0.033	-0.117	-0.117	-0.033	-0.028	-0.033	-0.033
-0.083	-0.056	-0.139	-0.139	-0.028	0.017	-0.089	-0.089	-0.083	-0.056	-0.139	-0.139	-0.050	-0.044	-0.050	-0.050
-0.022	0.000	-0.056	-0.056	-0.011	0.000	-0.039	-0.039	-0.022	0.000	-0.056	-0.056	-0.011	-0.011	-0.011	-0.011
-0.028	-0.011	-0.044	-0.044	0.000	0.000	-0.017	-0.017	-0.028	-0.011	-0.044	-0.044	-0.011	-0.011	-0.011	-0.011
-0.050	-0.022	-0.067	-0.067	-0.017	-0.011	-0.039	-0.039	-0.050	-0.022	-0.067	-0.067	-0.022	-0.022	-0.022	-0.022
-0.039	-0.011	-0.056	-0.056	-0.017	-0.011	-0.039	-0.039	-0.039	-0.011	-0.056	-0.056	-0.022	-0.022	-0.022	-0.022
-0.022	0.006	-0.039	-0.039	0.000	0.006	-0.022	-0.022	-0.022	0.006	-0.039	-0.039	-0.017	-0.017	-0.017	-0.017
-0.022	0.006	-0.039	-0.039	0.000	0.006	-0.022	-0.022	-0.022	0.006	-0.039	-0.039	-0.017	-0.017	-0.017	-0.017
-0.067	0.000	-0.178	-0.178	-0.011	0.000	-0.044	-0.044	-0.067	0.000	-0.156	-0.156	-0.050	-0.050	-0.050	-0.050
-0.050	0.000	-0.156	-0.156	-0.006	0.000	-0.050	-0.050	-0.056	0.006	-0.133	-0.139	-0.028	-0.028	-0.028	-0.028
-0.011	-0.011	-0.167	-0.167	0.000	0.000	-0.039	-0.039	-0.011	-0.011	-0.144	-0.144	-0.017	-0.017	-0.017	-0.017
-0.006	-0.006	-0.156	-0.156	0.000	0.000	-0.042	-0.042	-0.006	-0.011	-0.133	-0.128	-0.017	-0.017	-0.017	-0.017
0.000	0.000	-0.078	-0.078	0.000	0.000	-0.028	-0.028	0.000	0.000	-0.078	-0.078	-0.011	-0.011	-0.011	-0.011
0.006	0.006	-0.078	-0.078	0.006	0.006	-0.028	-0.028	0.006	0.006	-0.078	-0.078	-0.017	-0.017	-0.017	-0.017
0.000	0.000	0.000	0.000	0.000	0.000	0.000	0.000	0.000	0.000	0.000	0.000	0.000	0.000	0.000	0.000
0.000	0.000	0.000	0.000	0.000	0.000	0.000	0.000	0.000	0.000	0.000	0.000	0.000	0.000	0.000	0.000
-0.028	0.017	-0.039	-0.039	-0.017	0.006	-0.028	-0.028	-0.028	0.011	-0.039	-0.039	0.000	0.000	0.000	0.000
-0.028	0.022	-0.039	-0.039	-0.017	0.000	-0.028	-0.028	-0.028	0.022	-0.039	-0.039	-0.022	-0.022	-0.022	-0.022
0.033	0.033	-0.006	-0.006	0.000	0.000	-0.011	-0.011	0.022	0.022	-0.006	-0.006	-0.011	-0.011	-0.011	-0.011
0.022	0.022	-0.011	-0.011	0.000	0.000	-0.011	-0.011	0.022	0.022	-0.011	-0.011	-0.022	-0.022	-0.022	-0.022
0.011	0.011	0.000	0.000	0.000	0.000	-0.011	-0.011	0.006	0.006	0.000	0.000	0.000	0.000	0.000	0.000
0.011	0.022	-0.017	-0.017	0.000	0.000	-0.011	-0.011	0.011	0.022	-0.017	-0.017	-0.044	-0.044	-0.044	-0.044
-0.067	-0.050	-0.144	-0.144	-0.050	-0.039	-0.106	-0.111	-0.067	-0.050	-0.133	-0.133	-0.089	-0.089	-0.100	-0.111
-0.117	-0.061	-0.156	-0.156	-0.017	-0.006	-0.050	-0.050	-0.117	-0.061	-0.156	-0.156	-0.033	-0.033	-0.033	-0.033
-0.128	-0.072	-0.167	-0.167	-0.039	-0.017	-0.072	-0.072	-0.128	-0.072	-0.167	-0.167	-0.039	-0.039	-0.039	-0.039
-0.067	-0.061	-0.117	-0.117	-0.006	-0.006	-0.039	-0.039	-0.067	-0.061	-0.117	-0.117	-0.028	-0.028	-0.028	-0.028
-0.078	-0.072	-0.128	-0.128	-0.028	-0.017	-0.061	-0.061	-0.078	-0.072	-0.128	-0.128	-0.039	-0.039	-0.039	-0.039
-0.061	-0.061	-0.106	-0.106	-0.006	-0.006	-0.039	-0.039	-0.061	-0.061	-0.106	-0.106	-0.028	-0.028	-0.028	-0.028
-0.067	-0.067	-0.111	-0.111	-0.017	-0.006	-0.050	-0.050	-0.067	-0.067	-0.111	-0.111	-0.028	-0.028	-0.028	-0.028
-0.100	-0.033	-0.150	-0.150	-0.033	0.000	-0.078	-0.078	-0.100	-0.033	-0.150	-0.150	-0.039	-0.039	-0.039	-0.039
-0.161	-0.100	-0.194	-0.194	-0.083	-0.039	-0.122	-0.122	-0.161	-0.100	-0.194	-0.194	-0.094	-0.094	-0.094	-0.094
-0.050	-0.050	-0.106	-0.106	-0.017	-0.011	-0.061	-0.061	-0.050	-0.050	-0.106	-0.106	-0.033	-0.033	-0.033	-0.033
-0.072	-0.072	-0.128	-0.128	-0.061	0.033	-0.094	-0.094	-0.072	-0.072	-0.128	-0.128	-0.072	-0.072	-0.072	-0.072
-0.061	-0.061	-0.117	-0.117	-0.017	-0.017	-0.061	-0.061	-0.061	-0.061	-0.117	-0.117	-0.050	-0.050	-0.050	-0.050
-0.050	-0.050	-0.106	-0.106	-0.028	0.056	-0.078	-0.078	-0.050	-0.050	-0.106	-0.106	-0.039	-0.039	-0.039	-0.039
-0.044	-0.011	-0.106	-0.106	-0.033	-0.011	-0.061	-0.061	-0.044	-0.011	-0.106	-0.106	-0.061	-0.061	-0.061	-0.061
-0.067	-0.022	-0.128	-0.128	-0.050	-0.022	-0.072	-0.072	-0.067	-0.022	-0.128	-0.128	-0.089	-0.089	-0.089	-0.089
-0.006	-0.006	-0.078	-0.078	-0.006	-0.006	-0.039	-0.039	-0.006	-0.006	-0.078	-0.078	-0.072	-0.072	-0.072	-0.072
-0.028	-0.028	-0.100	-0.100	-0.028	-0.017	-0.067	-0.067	-0.028	-0.028	-0.100	-0.100	-0.089	-0.089	-0.089	-0.089
-0.011	-0.006	-0.028	-0.028	0.000	-0.006	-0.017	-0.017	-0.011	-0.006	-0.028	-0.028	-0.017	-0.017	-0.017	-0.017
-0.011	-0.006	-0.028	-0.028	0.000	-0.006	-0.017	-0.017	-0.011	-0.006	-0.028	-0.028	-0.017	-0.017	-0.017	-0.017
-0.011	0.006	-0.028	-0.028	0.000	-0.006	-0.017	-0.017	-0.011	0.006	-0.028	-0.028	-0.017	-0.017	-0.017	-0.017
-0.011	0.006	-0.028	-0.028	0.000	-0.006	-0.017	-0.017	-0.011	0.006	-0.028	-0.028	-0.017	-0.017	-0.017	-0.017
-0.044	0.006	-0.100	-0.100	-0.024	0.003	-0.058	-0.058	-0.044	0.006	-0.094	-0.094	-0.044	-0.044	-0.044	-0.044
-0.050	-0.022	-0.106	-0.106	-0.033	-0.022	-0.067	-0.067	-0.050	-0.022	-0.100	-0.100	-0.033	-0.033	-0.033	-0.033
0.006	0.006	-0.094	-0.094	0.006	0.006	-0.039	-0.039	0.006	0.006	-0.089	-0.089	-0.044	-0.044	-0.044	-0.044
-0.006	0.006	-0.094	-0.094	0.000	0.006	-0.039	-0.039	-0.006	0.006	-0.089	-0.089	-0.033	-0.033	-0.033	-0.033
-0.006	0.006	-0.094	-0.094	-0.017	0.006	-0.039	-0.039	-0.006	0.006	-0.089	-0.089	-0.083	-0.083	-0.083	-0.083
-0.011	0.000	-0.100	-0.100	-0.022	0.000	-0.044	-0.044	-0.011	0.000	-0.094	-0.094	-0.089	-0.089	-0.089	-0.089
-0.050	0.000	-0.106	-0.106	-0.033	0.000	-0.067	-0.067	-0.050	0.000	-0.106	-0.106	-0.067	-0.067	-0.067	-0.067
-0.050	0.000	-0.106	-0.106	-0.033	0.000	-0.067	-0.067	-0.050	0.000	-0.106	-0.106	-0.067	-0.067	-0.067	-0.067
-0.028	-0.006	-0.111	-0.111	-0.014	-0.006	-0.067	-0.067	-0.028	-0.006	-0.111	-0.111	-0.067	-0.067	-0.067	-0.067
-0.028	-0.006	-0.111	-0.111	-0.014	-0.006	-0.067	-0.067	-0.028	-0.006	-0.111	-0.111	-0.067	-0.067	-0.067	-0.067
0.000	0.000	-0.083	-0.083	0.000	0.000	-0.022	-0.022	0.000	0.000	-0.083	-0.083	-0.022	-0.022	-0.022	-0.022
0.000	0.000	-0.078	-0.078	0.000	0.000	-0.039	-0.039	0.000	0.000	-0.078	-0.078	-0.011	-0.011	-0.011	-0.011
0.000	0.000	0.000	0.000	0.000	0.000	0.000	0.000	0.000	0.000	0.000	0.000	0.000	0.000	0.000	0.000
0.000	0.000	0.000	0.000	0.000	0.000	0.000	0.000	0.000	0.000	0.000	0.000	-0.011	-0.011	-0.011	-0.011
-0.028	-0.028	-0.061	-0.061	-0.017	-0.017	-0.017	-0.017	-0.028	-0.028	-0.061	-0.061	-0.050	-0.050	-0.050	-0.050
-0.017	-0.017	-0.056	-0.056	-0.011	-0.011	-0.011	-0.011	-0.017	-0.017	-0.056	-0.056	-0.033	-0.033	-0.033	-0.033];

end