function mean_adj = SITA_Oct_adj
% These values copied from GoogleSheet https://docs.google.com/spreadsheets/d/1KPh9GzDa6Kq9qKmZQ41Eqv_A4rEVcQUCdwrciuob-FU/edit#gid=80731170
% on 2020-10-16 at 20:20 Central Time

% mean_adj = [GV x [obs(4)*plt(f)]] = 65x16


mean_adj = [-0.081	-0.031	-0.144	-0.144	-0.035	-0.012	-0.063	-0.063	-0.081	-0.031	-0.144	-0.144	-0.031	-0.027	-0.031	-0.031
-0.073	-0.027	-0.136	-0.136	-0.023	0.015	-0.063	-0.063	-0.073	-0.027	-0.132	-0.132	-0.027	-0.023	-0.027	-0.027
-0.054	-0.031	-0.105	-0.105	-0.015	-0.004	-0.048	-0.048	-0.054	-0.035	-0.105	-0.105	-0.023	-0.019	-0.023	-0.023
-0.038	-0.015	-0.090	-0.090	-0.008	0.027	-0.038	-0.038	-0.038	-0.015	-0.090	-0.090	-0.027	-0.023	-0.027	-0.027
-0.058	-0.008	-0.105	-0.105	-0.027	0.015	-0.055	-0.055	-0.058	-0.008	-0.105	-0.105	-0.027	-0.023	-0.027	-0.027
-0.073	-0.019	-0.123	-0.123	-0.050	0.012	-0.082	-0.082	-0.073	-0.023	-0.119	-0.119	-0.042	-0.038	-0.042	-0.042
-0.027	-0.008	-0.065	-0.065	-0.012	-0.008	-0.050	-0.050	-0.027	-0.008	-0.065	-0.065	-0.019	-0.015	-0.019	-0.019
-0.048	-0.028	-0.086	-0.086	-0.013	0.018	-0.059	-0.059	-0.048	-0.028	-0.086	-0.086	-0.035	-0.031	-0.035	-0.035
-0.008	0.008	-0.031	-0.031	-0.008	0.000	-0.027	-0.027	-0.008	0.008	-0.031	-0.031	-0.008	-0.008	-0.008	-0.008
-0.012	0.000	-0.023	-0.023	0.000	0.000	-0.012	-0.012	-0.012	0.000	-0.023	-0.023	-0.008	-0.008	-0.008	-0.008
-0.035	-0.015	-0.046	-0.046	-0.015	-0.008	-0.031	-0.031	-0.027	-0.008	-0.038	-0.038	-0.023	-0.023	-0.023	-0.023
-0.027	-0.008	-0.038	-0.038	-0.012	-0.008	-0.028	-0.028	-0.027	-0.008	-0.038	-0.038	-0.015	-0.015	-0.015	-0.015
-0.015	0.004	-0.027	-0.027	0.000	0.004	-0.015	-0.015	-0.015	0.004	-0.027	-0.027	-0.012	-0.012	-0.012	-0.012
-0.015	0.004	-0.027	-0.027	0.000	0.004	-0.015	-0.015	-0.015	0.004	-0.027	-0.027	-0.012	-0.012	-0.012	-0.012
-0.042	0.000	-0.109	-0.109	-0.019	0.000	-0.048	-0.048	-0.042	0.000	-0.094	-0.094	-0.038	-0.038	-0.038	-0.038
-0.023	0.000	-0.075	-0.075	-0.008	0.000	-0.028	-0.028	-0.027	0.004	-0.059	-0.063	-0.015	-0.015	-0.015	-0.015
-0.015	-0.015	-0.062	-0.062	0.000	0.000	-0.027	-0.027	-0.008	-0.008	-0.038	-0.038	-0.012	-0.012	-0.012	-0.012
-0.004	-0.004	-0.044	-0.044	0.000	0.000	-0.029	-0.029	-0.004	-0.008	-0.028	-0.027	-0.012	-0.012	-0.012	-0.012
-0.015	-0.015	-0.065	-0.065	0.000	0.004	-0.023	-0.023	-0.008	-0.008	-0.062	-0.062	-0.008	-0.008	-0.008	-0.008
-0.008	-0.008	-0.054	-0.054	0.008	0.012	-0.023	-0.023	0.004	0.004	-0.050	-0.050	-0.012	-0.012	-0.012	-0.012
0.000	0.000	0.000	0.000	0.000	0.000	0.000	0.000	0.000	0.000	0.000	0.000	0.000	0.000	0.000	0.000
0.000	0.000	0.000	0.000	0.000	0.000	0.000	0.000	0.000	0.000	0.000	0.000	0.000	0.000	0.000	0.000
-0.015	0.023	-0.032	-0.032	-0.031	0.004	-0.047	-0.047	-0.019	0.019	-0.040	-0.040	-0.019	-0.019	-0.019	-0.019
-0.015	0.015	-0.025	-0.025	-0.008	0.008	-0.032	-0.032	-0.008	0.015	-0.025	-0.025	-0.019	-0.019	-0.019	-0.019
0.015	0.015	0.004	0.004	-0.008	0.000	-0.012	-0.012	0.000	0.004	0.012	0.012	-0.012	-0.012	-0.012	-0.012
0.012	0.015	0.000	0.000	-0.008	0.000	-0.019	-0.019	0.012	0.015	0.012	0.012	-0.019	-0.019	-0.019	-0.019
0.027	0.027	0.019	0.019	-0.004	0.000	-0.023	-0.023	0.031	0.023	0.027	0.027	-0.008	-0.008	-0.008	-0.008
0.015	0.015	-0.004	-0.004	-0.004	0.000	-0.015	-0.015	0.019	0.004	-0.004	-0.004	-0.031	-0.031	-0.031	-0.031
-0.031	-0.019	-0.075	-0.075	-0.027	-0.027	-0.063	-0.067	-0.031	-0.019	-0.067	-0.067	-0.046	-0.046	-0.054	-0.062
-0.096	-0.046	-0.121	-0.121	-0.027	-0.008	-0.050	-0.050	-0.096	-0.046	-0.121	-0.121	-0.019	-0.019	-0.019	-0.019
-0.092	-0.042	-0.117	-0.117	-0.035	-0.015	-0.058	-0.058	-0.104	-0.050	-0.128	-0.128	-0.023	-0.023	-0.023	-0.023
-0.077	-0.077	-0.113	-0.113	-0.015	-0.015	-0.042	-0.042	-0.077	-0.077	-0.113	-0.113	-0.015	-0.015	-0.015	-0.015
-0.046	-0.046	-0.082	-0.082	-0.023	-0.023	-0.050	-0.050	-0.054	-0.054	-0.090	-0.090	-0.023	-0.023	-0.023	-0.023
-0.050	-0.046	-0.081	-0.081	-0.012	-0.012	-0.035	-0.035	-0.050	-0.050	-0.081	-0.081	-0.015	-0.015	-0.015	-0.015
-0.038	-0.038	-0.069	-0.069	-0.012	-0.012	-0.035	-0.035	-0.046	-0.046	-0.077	-0.077	-0.015	-0.015	-0.015	-0.015
-0.088	-0.031	-0.121	-0.121	-0.038	-0.004	-0.067	-0.067	-0.077	-0.019	-0.109	-0.109	-0.027	-0.027	-0.027	-0.027
-0.123	-0.069	-0.146	-0.146	-0.081	-0.042	-0.104	-0.104	-0.108	-0.054	-0.131	-0.131	-0.065	-0.065	-0.065	-0.065
-0.052	-0.055	-0.094	-0.094	-0.021	-0.021	-0.059	-0.059	-0.040	-0.044	-0.082	-0.082	-0.023	-0.023	-0.023	-0.023
-0.060	-0.062	-0.104	-0.104	-0.058	-0.008	-0.092	-0.092	-0.058	-0.058	-0.100	-0.100	-0.054	-0.054	-0.054	-0.054
-0.054	-0.054	-0.092	-0.092	-0.027	-0.023	-0.058	-0.058	-0.050	-0.050	-0.088	-0.088	-0.038	-0.038	-0.038	-0.038
-0.040	-0.040	-0.078	-0.078	-0.035	0.015	-0.067	-0.067	-0.032	-0.032	-0.071	-0.071	-0.038	-0.038	-0.038	-0.038
-0.027	0.000	-0.058	-0.058	-0.035	-0.015	-0.054	-0.054	-0.027	0.000	-0.058	-0.058	-0.054	-0.054	-0.054	-0.054
-0.050	-0.015	-0.098	-0.098	-0.046	-0.015	-0.055	-0.055	-0.046	-0.012	-0.088	-0.088	-0.065	-0.065	-0.065	-0.065
0.004	0.000	-0.042	-0.042	-0.015	-0.015	-0.046	-0.046	0.004	0.000	-0.042	-0.042	-0.050	-0.050	-0.050	-0.050
-0.012	-0.015	-0.065	-0.065	-0.019	-0.015	-0.050	-0.050	-0.012	-0.015	-0.065	-0.065	-0.065	-0.065	-0.065	-0.065
-0.019	-0.015	-0.031	-0.031	-0.015	-0.012	-0.027	-0.027	-0.008	-0.004	-0.019	-0.019	-0.015	-0.015	-0.015	-0.015
-0.008	-0.004	-0.027	-0.027	-0.004	-0.008	-0.015	-0.015	-0.008	-0.004	-0.019	-0.019	-0.015	-0.015	-0.015	-0.015
-0.015	-0.004	-0.027	-0.027	-0.012	-0.012	-0.027	-0.027	-0.008	0.004	-0.019	-0.019	-0.015	-0.015	-0.015	-0.015
-0.008	0.004	-0.027	-0.027	0.000	-0.004	-0.012	-0.012	-0.008	0.004	-0.019	-0.019	-0.015	-0.015	-0.015	-0.015
-0.046	-0.012	-0.085	-0.085	-0.032	-0.013	-0.067	-0.067	-0.046	-0.012	-0.081	-0.081	-0.050	-0.050	-0.050	-0.035
-0.031	-0.015	-0.069	-0.069	-0.019	-0.015	-0.058	-0.058	-0.031	-0.015	-0.065	-0.065	-0.027	-0.027	-0.027	-0.027
0.004	0.004	-0.062	-0.062	0.004	0.004	-0.031	-0.031	0.004	0.004	-0.062	-0.062	-0.035	-0.035	-0.035	-0.035
-0.004	0.004	-0.058	-0.058	0.000	0.004	-0.019	-0.019	-0.004	0.004	-0.050	-0.050	-0.027	-0.027	-0.027	-0.027
0.004	0.004	-0.035	-0.035	-0.012	0.004	-0.027	-0.027	0.004	0.004	-0.031	-0.031	-0.054	-0.054	-0.054	-0.054
0.000	0.000	-0.046	-0.046	0.000	0.000	-0.023	-0.023	0.000	0.000	-0.035	-0.035	-0.046	-0.046	-0.046	-0.046
-0.035	0.000	-0.073	-0.073	-0.031	0.008	-0.050	-0.058	-0.027	0.000	-0.065	-0.065	-0.058	-0.058	-0.058	-0.058
-0.015	0.000	-0.058	-0.058	-0.012	0.000	-0.038	-0.038	-0.015	0.000	-0.058	-0.058	-0.054	-0.054	-0.054	-0.054
-0.015	0.000	-0.058	-0.058	-0.006	0.000	-0.038	-0.038	-0.015	0.000	-0.062	-0.062	-0.054	-0.054	-0.054	-0.054
-0.012	0.004	-0.054	-0.054	-0.002	0.004	-0.031	-0.031	-0.012	0.004	-0.058	-0.058	-0.050	-0.050	-0.050	-0.050
-0.004	-0.004	-0.054	-0.054	0.004	0.004	-0.035	-0.035	0.004	0.004	-0.046	-0.046	-0.035	-0.035	-0.035	-0.035
-0.004	-0.004	-0.046	-0.046	-0.004	-0.004	-0.023	-0.023	-0.004	-0.004	-0.046	-0.046	-0.035	-0.035	-0.035	-0.035
0.000	0.000	0.000	0.000	0.000	0.000	0.000	0.000	0.000	0.000	0.000	0.000	0.000	0.000	0.000	0.000
0.000	0.000	0.000	0.000	0.000	0.000	0.000	0.000	0.000	0.000	0.000	0.000	-0.008	-0.008	-0.008	-0.008
-0.027	-0.027	-0.052	-0.052	-0.023	-0.023	-0.023	-0.023	-0.031	-0.027	-0.052	-0.052	-0.042	-0.042	-0.042	-0.042
-0.008	-0.008	-0.031	-0.031	-0.012	-0.012	-0.015	-0.015	-0.008	-0.008	-0.031	-0.031	-0.027	-0.027	-0.027	-0.027];

end