function A = sws_Si_resp_201103 
A = NaN([256, 2]); 
A(:) = [3.026590e+002 3.059590e+002 3.092599e+002 3.125618e+002 3.158645e+002 3.191682e+002 3.224728e+002 3.257782e+002 3.290846e+002 3.323918e+002 3.356998e+002 3.390087e+002 3.423184e+002 3.456289e+002 3.489403e+002 3.522524e+002 3.555654e+002 3.588791e+002 3.621936e+002 3.655088e+002 3.688248e+002 3.721416e+002 3.754590e+002 3.787772e+002 3.820961e+002 3.854156e+002 3.887359e+002 3.920568e+002 3.953784e+002 3.987007e+002 4.020236e+002 4.053471e+002 4.086713e+002 4.119960e+002 4.153214e+002 4.186474e+002 4.219739e+002 4.253010e+002 4.286287e+002 4.319569e+002 4.352857e+002 4.386150e+002 4.419448e+002 4.452751e+002 4.486059e+002 4.519372e+002 4.552689e+002 4.586012e+002 4.619339e+002 4.652670e+002 4.686006e+002 4.719346e+002 4.752690e+002 4.786038e+002 4.819390e+002 4.852746e+002 4.886105e+002 4.919468e+002 4.952835e+002 4.986205e+002 5.019578e+002 5.052955e+002 5.086334e+002 5.119717e+002 5.153102e+002 5.186491e+002 5.219882e+002 5.253275e+002 5.286671e+002 5.320069e+002 5.353470e+002 5.386872e+002 5.420277e+002 5.453684e+002 5.487092e+002 5.520502e+002 5.553914e+002 5.587328e+002 5.620742e+002 5.654158e+002 5.687576e+002 5.720994e+002 5.754413e+002 5.787834e+002 5.821255e+002 5.854676e+002 5.888098e+002 5.921521e+002 5.954944e+002 5.988368e+002 6.021791e+002 6.055215e+002 6.088638e+002 6.122062e+002 6.155485e+002 6.188907e+002 6.222330e+002 6.255751e+002 6.289172e+002 6.322592e+002 6.356012e+002 6.389430e+002 6.422847e+002 6.456263e+002 6.489678e+002 6.523091e+002 6.556503e+002 6.589913e+002 6.623321e+002 6.656728e+002 6.690133e+002 6.723535e+002 6.756936e+002 6.790334e+002 6.823730e+002 6.857123e+002 6.890514e+002 6.923902e+002 6.957287e+002 6.990670e+002 7.024049e+002 7.057426e+002 7.090799e+002 7.124169e+002 7.157535e+002 7.190898e+002 7.224258e+002 7.257613e+002 7.290965e+002 7.324313e+002 7.357657e+002 7.390997e+002 7.424332e+002 7.457663e+002 7.490990e+002 7.524312e+002 7.557630e+002 7.590942e+002 7.624250e+002 7.657553e+002 7.690851e+002 7.724144e+002 7.757431e+002 7.790713e+002 7.823989e+002 7.857260e+002 7.890525e+002 7.923785e+002 7.957038e+002 7.990286e+002 8.023527e+002 8.056762e+002 8.089991e+002 8.123213e+002 8.156429e+002 8.189638e+002 8.222840e+002 8.256036e+002 8.289224e+002 8.322406e+002 8.355580e+002 8.388747e+002 8.421907e+002 8.455059e+002 8.488203e+002 8.521340e+002 8.554469e+002 8.587590e+002 8.620703e+002 8.653809e+002 8.686905e+002 8.719994e+002 8.753074e+002 8.786145e+002 8.819208e+002 8.852263e+002 8.885308e+002 8.918344e+002 8.951372e+002 8.984390e+002 9.017399e+002 9.050398e+002 9.083388e+002 9.116369e+002 9.149339e+002 9.182300e+002 9.215252e+002 9.248193e+002 9.281124e+002 9.314045e+002 9.346955e+002 9.379855e+002 9.412745e+002 9.445624e+002 9.478492e+002 9.511349e+002 9.544196e+002 9.577031e+002 9.609855e+002 9.642668e+002 9.675470e+002 9.708260e+002 9.741039e+002 9.773806e+002 9.806561e+002 9.839304e+002 9.872036e+002 9.904755e+002 9.937462e+002 9.970156e+002 1.000284e+003 1.003551e+003 1.006817e+003 1.010081e+003 1.013344e+003 1.016606e+003 1.019867e+003 1.023126e+003 1.026384e+003 1.029640e+003 1.032896e+003 1.036150e+003 1.039402e+003 1.042653e+003 1.045903e+003 1.049151e+003 1.052398e+003 1.055644e+003 1.058888e+003 1.062131e+003 1.065372e+003 1.068612e+003 1.071850e+003 1.075087e+003 1.078322e+003 1.081556e+003 1.084788e+003 1.088019e+003 1.091248e+003 1.094476e+003 1.097702e+003 1.100927e+003 1.104150e+003 1.107371e+003 1.110591e+003 1.113809e+003 1.117026e+003 1.120241e+003 1.123454e+003 1.126666e+003 1.129876e+003 1.133084e+003 1.136291e+003 1.139496e+003 1.142699e+003 1.145901e+003 1.124122e-001 1.074091e-001 1.001083e-001 1.026191e-001 9.754775e-002 9.993953e-002 1.014419e-001 9.959276e-002 1.022764e-001 1.027645e-001 1.015595e-001 1.005524e-001 1.152160e-001 1.327722e-001 1.472185e-001 1.673395e-001 1.739018e-001 1.769654e-001 1.830022e-001 1.836685e-001 1.801651e-001 1.778449e-001 1.738645e-001 1.698472e-001 1.677802e-001 1.653910e-001 1.663289e-001 1.673228e-001 1.705925e-001 1.752114e-001 1.818510e-001 1.894476e-001 1.989962e-001 2.104298e-001 2.230049e-001 2.365459e-001 2.507942e-001 2.648296e-001 2.776993e-001 2.893163e-001 2.987178e-001 3.050116e-001 3.087708e-001 3.102147e-001 3.083643e-001 3.049311e-001 2.998046e-001 2.936192e-001 2.869080e-001 2.808273e-001 2.752769e-001 2.710897e-001 2.680578e-001 2.661998e-001 2.661384e-001 2.664638e-001 2.681326e-001 2.702802e-001 2.726933e-001 2.751612e-001 2.782784e-001 2.821339e-001 2.867950e-001 2.924349e-001 2.988453e-001 3.058450e-001 3.134015e-001 3.212477e-001 3.286484e-001 3.366817e-001 3.449643e-001 3.535415e-001 3.614984e-001 3.684994e-001 3.752406e-001 3.807875e-001 3.861600e-001 3.903912e-001 3.938289e-001 3.956766e-001 3.956782e-001 3.932964e-001 3.869254e-001 3.777443e-001 3.675142e-001 3.575180e-001 3.481966e-001 3.392864e-001 3.317170e-001 3.253969e-001 3.204858e-001 3.164244e-001 3.133053e-001 3.107376e-001 3.087562e-001 3.080179e-001 3.066730e-001 3.057397e-001 3.042118e-001 3.029004e-001 3.012356e-001 2.987879e-001 2.958499e-001 2.940995e-001 2.932567e-001 2.930916e-001 2.933097e-001 2.937666e-001 2.944631e-001 2.959982e-001 2.982325e-001 3.009735e-001 3.043412e-001 3.078178e-001 3.114203e-001 3.142155e-001 3.166478e-001 3.180845e-001 3.194931e-001 3.204385e-001 3.214910e-001 3.226756e-001 3.246110e-001 3.261572e-001 3.274387e-001 3.280603e-001 3.279744e-001 3.269258e-001 3.247187e-001 3.220757e-001 3.185856e-001 3.152582e-001 3.117101e-001 3.090400e-001 3.064631e-001 3.045884e-001 3.024800e-001 2.999635e-001 2.976511e-001 2.948052e-001 2.915760e-001 2.876325e-001 2.830316e-001 2.786113e-001 2.736237e-001 2.684481e-001 2.636127e-001 2.585228e-001 2.537615e-001 2.490601e-001 2.442852e-001 2.395076e-001 2.348886e-001 2.305591e-001 2.259081e-001 2.210866e-001 2.164422e-001 2.114128e-001 2.062247e-001 2.006524e-001 1.948241e-001 1.892452e-001 1.835596e-001 1.778956e-001 1.723863e-001 1.673415e-001 1.623509e-001 1.581011e-001 1.539556e-001 1.503878e-001 1.468491e-001 1.433538e-001 1.400951e-001 1.369645e-001 1.340028e-001 1.309413e-001 1.279965e-001 1.245088e-001 1.208280e-001 1.172039e-001 1.132848e-001 1.094352e-001 1.057639e-001 1.018765e-001 9.807258e-002 9.425349e-002 9.065420e-002 8.701465e-002 8.342593e-002 7.961464e-002 7.560499e-002 7.179112e-002 6.808432e-002 6.492176e-002 6.254829e-002 6.034595e-002 5.825694e-002 5.609174e-002 5.387334e-002 5.158971e-002 4.938783e-002 4.718373e-002 4.494422e-002 4.280758e-002 4.068888e-002 3.847668e-002 3.633040e-002 3.422775e-002 3.213457e-002 3.015600e-002 2.815218e-002 2.618353e-002 2.428240e-002 2.251619e-002 2.079737e-002 1.919069e-002 1.766321e-002 1.624746e-002 1.490520e-002 1.363059e-002 1.245413e-002 1.134938e-002 1.031805e-002 9.367003e-003 8.477828e-003 7.677215e-003 6.914546e-003 6.244004e-003 5.611722e-003 5.070366e-003 4.600976e-003 4.195143e-003 3.871659e-003 3.575623e-003 3.305279e-003 3.101381e-003 2.875751e-003 2.724207e-003 2.576100e-003 2.470005e-003 2.397979e-003 2.447488e-003 2.512800e-003 2.726464e-003 3.123684e-003 3.645251e-003 4.171576e-003 4.614934e-003 4.880203e-003 4.988967e-003 5.009238e-003 5.065025e-003 5.164225e-003 5.267180e-003 5.367269e-003 5.573498e-003 ]; 
return; 
