function A = sws_In_resp_201103 
A = NaN([256, 3]); 
A(:) = [9.005097e+002 9.069442e+002 9.133633e+002 9.197673e+002 9.261561e+002 9.325299e+002 9.388887e+002 9.452326e+002 9.515616e+002 9.578759e+002 9.641755e+002 9.704605e+002 9.767309e+002 9.829868e+002 9.892282e+002 9.954554e+002 1.001668e+003 1.007867e+003 1.014051e+003 1.020222e+003 1.026378e+003 1.032521e+003 1.038649e+003 1.044764e+003 1.050865e+003 1.056953e+003 1.063027e+003 1.069087e+003 1.075134e+003 1.081167e+003 1.087187e+003 1.093194e+003 1.099188e+003 1.105169e+003 1.111136e+003 1.117091e+003 1.123032e+003 1.128961e+003 1.134877e+003 1.140780e+003 1.146671e+003 1.152549e+003 1.158415e+003 1.164268e+003 1.170108e+003 1.175937e+003 1.181753e+003 1.187557e+003 1.193349e+003 1.199128e+003 1.204896e+003 1.210652e+003 1.216396e+003 1.222128e+003 1.227849e+003 1.233558e+003 1.239255e+003 1.244940e+003 1.250615e+003 1.256277e+003 1.261929e+003 1.267569e+003 1.273198e+003 1.278816e+003 1.284422e+003 1.290018e+003 1.295603e+003 1.301177e+003 1.306740e+003 1.312292e+003 1.317833e+003 1.323364e+003 1.328884e+003 1.334394e+003 1.339893e+003 1.345382e+003 1.350861e+003 1.356329e+003 1.361787e+003 1.367235e+003 1.372673e+003 1.378101e+003 1.383518e+003 1.388926e+003 1.394324e+003 1.399713e+003 1.405091e+003 1.410460e+003 1.415820e+003 1.421169e+003 1.426510e+003 1.431841e+003 1.437162e+003 1.442474e+003 1.447777e+003 1.453071e+003 1.458356e+003 1.463631e+003 1.468898e+003 1.474156e+003 1.479405e+003 1.484645e+003 1.489876e+003 1.495098e+003 1.500312e+003 1.505518e+003 1.510714e+003 1.515903e+003 1.521083e+003 1.526254e+003 1.531417e+003 1.536572e+003 1.541719e+003 1.546858e+003 1.551989e+003 1.557111e+003 1.562226e+003 1.567333e+003 1.572432e+003 1.577523e+003 1.582606e+003 1.587682e+003 1.592750e+003 1.597811e+003 1.602864e+003 1.607910e+003 1.612948e+003 1.617979e+003 1.623003e+003 1.628019e+003 1.633029e+003 1.638031e+003 1.643026e+003 1.648014e+003 1.652996e+003 1.657970e+003 1.662938e+003 1.667898e+003 1.672852e+003 1.677800e+003 1.682741e+003 1.687675e+003 1.692603e+003 1.697524e+003 1.702439e+003 1.707347e+003 1.712249e+003 1.717146e+003 1.722035e+003 1.726919e+003 1.731797e+003 1.736668e+003 1.741534e+003 1.746394e+003 1.751247e+003 1.756096e+003 1.760938e+003 1.765774e+003 1.770605e+003 1.775431e+003 1.780250e+003 1.785065e+003 1.789874e+003 1.794677e+003 1.799475e+003 1.804268e+003 1.809055e+003 1.813838e+003 1.818615e+003 1.823387e+003 1.828154e+003 1.832916e+003 1.837673e+003 1.842426e+003 1.847173e+003 1.851916e+003 1.856654e+003 1.861387e+003 1.866116e+003 1.870840e+003 1.875559e+003 1.880274e+003 1.884985e+003 1.889691e+003 1.894393e+003 1.899090e+003 1.903783e+003 1.908473e+003 1.913158e+003 1.917838e+003 1.922515e+003 1.927188e+003 1.931857e+003 1.936522e+003 1.941183e+003 1.945840e+003 1.950494e+003 1.955143e+003 1.959789e+003 1.964432e+003 1.969071e+003 1.973706e+003 1.978338e+003 1.982967e+003 1.987592e+003 1.992213e+003 1.996832e+003 2.001447e+003 2.006059e+003 2.010668e+003 2.015274e+003 2.019876e+003 2.024476e+003 2.029073e+003 2.033666e+003 2.038257e+003 2.042845e+003 2.047430e+003 2.052013e+003 2.056593e+003 2.061170e+003 2.065744e+003 2.070316e+003 2.074886e+003 2.079452e+003 2.084017e+003 2.088579e+003 2.093139e+003 2.097696e+003 2.102251e+003 2.106804e+003 2.111355e+003 2.115904e+003 2.120450e+003 2.124995e+003 2.129537e+003 2.134078e+003 2.138616e+003 2.143153e+003 2.147688e+003 2.152221e+003 2.156752e+003 2.161282e+003 2.165810e+003 2.170336e+003 2.174861e+003 2.179384e+003 2.183906e+003 2.188426e+003 2.192945e+003 2.197462e+003 2.201978e+003 2.206493e+003 2.211007e+003 2.215519e+003 2.220030e+003 2.514400e-002 3.890853e-002 5.950540e-002 9.202268e-002 1.274380e-001 1.531990e-001 1.630443e-001 1.708783e-001 1.817373e-001 1.895717e-001 1.994377e-001 2.110282e-001 2.216849e-001 2.321517e-001 2.419605e-001 2.486235e-001 2.573499e-001 2.653023e-001 2.772279e-001 2.921979e-001 3.015776e-001 3.078732e-001 3.143419e-001 3.160726e-001 3.222645e-001 3.267959e-001 3.325478e-001 3.418874e-001 3.594108e-001 3.739468e-001 3.858441e-001 3.992639e-001 4.096738e-001 4.182351e-001 4.281888e-001 4.339518e-001 4.429047e-001 4.492089e-001 4.644065e-001 4.779333e-001 4.925812e-001 5.078859e-001 5.116030e-001 5.283953e-001 5.351473e-001 5.419341e-001 5.475687e-001 5.429011e-001 5.353713e-001 5.352600e-001 5.465415e-001 5.608779e-001 5.646147e-001 5.782740e-001 5.911912e-001 6.067895e-001 6.185129e-001 6.222170e-001 6.322673e-001 6.412381e-001 6.483664e-001 6.623914e-001 6.712975e-001 6.668982e-001 6.883576e-001 6.953478e-001 7.016368e-001 7.082164e-001 7.198271e-001 7.264489e-001 7.306190e-001 7.369269e-001 7.417518e-001 7.461682e-001 7.520869e-001 7.613462e-001 7.730532e-001 7.754704e-001 7.498192e-001 7.082705e-001 6.797927e-001 6.793703e-001 6.575332e-001 5.782556e-001 5.471907e-001 5.981020e-001 6.428441e-001 6.932661e-001 7.370152e-001 7.714741e-001 8.098270e-001 8.345389e-001 8.441805e-001 8.526271e-001 8.558691e-001 8.631857e-001 8.647312e-001 8.735379e-001 8.761929e-001 8.744107e-001 8.599883e-001 8.640381e-001 8.618234e-001 8.626371e-001 8.624560e-001 8.718924e-001 8.739973e-001 8.713111e-001 8.790950e-001 8.811949e-001 8.774021e-001 8.906225e-001 8.917708e-001 8.932267e-001 8.965940e-001 9.045794e-001 9.141699e-001 9.273162e-001 9.447174e-001 9.656760e-001 9.759179e-001 9.797859e-001 9.750172e-001 9.643694e-001 9.571554e-001 9.418229e-001 9.329673e-001 9.267141e-001 9.267538e-001 9.180760e-001 9.199034e-001 9.164497e-001 9.094080e-001 9.151490e-001 9.211749e-001 9.094843e-001 9.197588e-001 9.214163e-001 9.184929e-001 9.217102e-001 9.128531e-001 9.003618e-001 8.829318e-001 8.565363e-001 8.409353e-001 8.332439e-001 8.190782e-001 8.222505e-001 8.350867e-001 8.311741e-001 8.347586e-001 8.135465e-001 8.057194e-001 7.898806e-001 7.820484e-001 7.675802e-001 7.707988e-001 7.801025e-001 7.803200e-001 7.846408e-001 7.830272e-001 7.810412e-001 7.890463e-001 7.905511e-001 8.066231e-001 8.126491e-001 8.212928e-001 8.218498e-001 8.180283e-001 7.978254e-001 7.887418e-001 7.628495e-001 7.507844e-001 7.193108e-001 6.837433e-001 6.888380e-001 6.816235e-001 6.843618e-001 6.887235e-001 6.862200e-001 6.782326e-001 6.314748e-001 6.391420e-001 6.929184e-001 7.135559e-001 7.031699e-001 6.813609e-001 6.566847e-001 6.228172e-001 6.240295e-001 6.323834e-001 6.244541e-001 6.178648e-001 6.300826e-001 6.418344e-001 6.306644e-001 6.350936e-001 6.350202e-001 6.413680e-001 6.406451e-001 6.291549e-001 6.318746e-001 6.354411e-001 6.250973e-001 6.241533e-001 6.196766e-001 6.094465e-001 6.040307e-001 6.005345e-001 5.872543e-001 5.733627e-001 5.734572e-001 5.516623e-001 5.492187e-001 5.374216e-001 5.240308e-001 5.173559e-001 5.002020e-001 4.938527e-001 4.743311e-001 4.769219e-001 4.681405e-001 4.605310e-001 4.517043e-001 4.366056e-001 4.285865e-001 4.275714e-001 4.161996e-001 4.162408e-001 4.105053e-001 4.066946e-001 4.035943e-001 3.946116e-001 3.880663e-001 3.850947e-001 3.701833e-001 3.546546e-001 3.413236e-001 3.205742e-001 3.072694e-001 2.826791e-001 2.692663e-001 2.537570e-001 2.381998e-001 2.196997e-001 2.020852e-001 1.912029e-001 1.736934e-001 1.596845e-001 1.451471e-001 1.206936e-001 1.014084e-001 8.473455e-002 7.230003e-002 5.897588e-002 4.490971e-002 2.514400e-002 4.118598e-002 6.347887e-002 9.298869e-002 1.242199e-001 1.478937e-001 1.623739e-001 1.718866e-001 1.807291e-001 1.902489e-001 2.000125e-001 2.107169e-001 2.216216e-001 2.319323e-001 2.409119e-001 2.493113e-001 2.570919e-001 2.666267e-001 2.782427e-001 2.903344e-001 3.005496e-001 3.079309e-001 3.127626e-001 3.175597e-001 3.217110e-001 3.272028e-001 3.337437e-001 3.446153e-001 3.584150e-001 3.730672e-001 3.863516e-001 3.982606e-001 4.090576e-001 4.186992e-001 4.267919e-001 4.350151e-001 4.420218e-001 4.521734e-001 4.638496e-001 4.783070e-001 4.928002e-001 5.040234e-001 5.159614e-001 5.250485e-001 5.351589e-001 5.415500e-001 5.441346e-001 5.518851e-001 5.596193e-001 5.673375e-001 5.750396e-001 5.827258e-001 5.903962e-001 5.980508e-001 6.056897e-001 