function A = sgpsashe_Si_resp_p8in_20110307 
A = NaN([2, 2048]); 
A(:) = [2.743110e+002 NaN 2.749110e+002 NaN 2.755109e+002 NaN 2.761108e+002 NaN 2.767107e+002 NaN 2.773106e+002 NaN 2.779104e+002 NaN 2.785102e+002 NaN 2.791099e+002 NaN 2.797097e+002 NaN 2.803093e+002 NaN 2.809090e+002 NaN 2.815086e+002 NaN 2.821082e+002 NaN 2.827078e+002 NaN 2.833074e+002 NaN 2.839069e+002 NaN 2.845063e+002 NaN 2.851058e+002 NaN 2.857052e+002 NaN 2.863046e+002 NaN 2.869039e+002 NaN 2.875032e+002 NaN 2.881025e+002 NaN 2.887018e+002 NaN 2.893010e+002 NaN 2.899002e+002 NaN 2.904993e+002 NaN 2.910984e+002 NaN 2.916975e+002 NaN 2.922966e+002 NaN 2.928956e+002 NaN 2.934946e+002 NaN 2.940936e+002 NaN 2.946925e+002 NaN 2.952914e+002 NaN 2.958903e+002 NaN 2.964891e+002 NaN 2.970879e+002 NaN 2.976867e+002 NaN 2.982854e+002 NaN 2.988842e+002 NaN 2.994828e+002 NaN 3.000815e+002 NaN 3.006801e+002 NaN 3.012787e+002 NaN 3.018772e+002 NaN 3.024757e+002 NaN 3.030742e+002 NaN 3.036727e+002 NaN 3.042711e+002 NaN 3.048695e+002 NaN 3.054678e+002 NaN 3.060662e+002 NaN 3.066645e+002 NaN 3.072627e+002 NaN 3.078610e+002 NaN 3.084591e+002 NaN 3.090573e+002 NaN 3.096554e+002 NaN 3.102535e+002 NaN 3.108516e+002 NaN 3.114496e+002 NaN 3.120477e+002 NaN 3.126456e+002 NaN 3.132436e+002 NaN 3.138415e+002 NaN 3.144393e+002 NaN 3.150372e+002 NaN 3.156350e+002 NaN 3.162328e+002 NaN 3.168305e+002 NaN 3.174282e+002 NaN 3.180259e+002 NaN 3.186236e+002 NaN 3.192212e+002 NaN 3.198188e+002 NaN 3.204163e+002 NaN 3.210138e+002 NaN 3.216113e+002 NaN 3.222088e+002 NaN 3.228062e+002 NaN 3.234036e+002 NaN 3.240009e+002 NaN 3.245983e+002 NaN 3.251956e+002 NaN 3.257928e+002 NaN 3.263901e+002 NaN 3.269872e+002 NaN 3.275844e+002 NaN 3.281815e+002 NaN 3.287786e+002 NaN 3.293757e+002 NaN 3.299727e+002 NaN 3.305697e+002 NaN 3.311667e+002 NaN 3.317636e+002 NaN 3.323605e+002 NaN 3.329574e+002 NaN 3.335543e+002 NaN 3.341511e+002 NaN 3.347478e+002 NaN 3.353446e+002 NaN 3.359413e+002 NaN 3.365380e+002 NaN 3.371346e+002 NaN 3.377312e+002 NaN 3.383278e+002 NaN 3.389243e+002 NaN 3.395208e+002 NaN 3.401173e+002 1.984857e-001 3.407138e+002 1.907902e-001 3.413102e+002 1.964443e-001 3.419066e+002 1.987433e-001 3.425029e+002 2.007977e-001 3.430992e+002 2.036322e-001 3.436955e+002 2.035540e-001 3.442918e+002 2.127136e-001 3.448880e+002 2.129972e-001 3.454842e+002 2.194147e-001 3.460803e+002 2.182279e-001 3.466764e+002 2.165708e-001 3.472725e+002 2.154509e-001 3.478686e+002 2.191038e-001 3.484646e+002 2.231291e-001 3.490606e+002 2.281021e-001 3.496565e+002 2.266671e-001 3.502525e+002 2.229075e-001 3.508483e+002 2.200570e-001 3.514442e+002 2.264320e-001 3.520400e+002 2.321605e-001 3.526358e+002 2.371916e-001 3.532316e+002 2.342843e-001 3.538273e+002 2.326165e-001 3.544230e+002 2.252011e-001 3.550186e+002 2.212011e-001 3.556143e+002 2.190971e-001 3.562099e+002 2.206070e-001 3.568054e+002 2.206912e-001 3.574010e+002 2.189440e-001 3.579964e+002 2.179726e-001 3.585919e+002 2.169123e-001 3.591873e+002 2.174481e-001 3.597827e+002 2.159710e-001 3.603781e+002 2.183831e-001 3.609734e+002 2.199924e-001 3.615687e+002 2.223956e-001 3.621640e+002 2.231886e-001 3.627592e+002 2.261446e-001 3.633544e+002 2.269709e-001 3.639496e+002 2.282246e-001 3.645447e+002 2.299235e-001 3.651398e+002 2.308034e-001 3.657349e+002 2.290192e-001 3.663299e+002 2.277413e-001 3.669249e+002 2.285311e-001 3.675199e+002 2.301447e-001 3.681148e+002 2.329472e-001 3.687097e+002 2.360682e-001 3.693046e+002 2.389972e-001 3.698994e+002 2.378969e-001 3.704942e+002 2.362837e-001 3.710889e+002 2.375619e-001 3.716837e+002 2.390914e-001 3.722784e+002 2.408310e-001 3.728730e+002 2.441803e-001 3.734677e+002 2.450923e-001 3.740623e+002 2.495178e-001 3.746568e+002 2.500050e-001 3.752514e+002 2.553336e-001 3.758459e+002 2.569251e-001 3.764403e+002 2.619235e-001 3.770348e+002 2.636049e-001 3.776292e+002 2.660717e-001 3.782235e+002 2.666977e-001 3.788179e+002 2.700381e-001 3.794122e+002 2.721426e-001 3.800064e+002 2.759180e-001 3.806007e+002 2.768098e-001 3.811949e+002 2.807134e-001 3.817890e+002 2.834334e-001 3.823832e+002 2.885292e-001 3.829773e+002 2.893642e-001 3.835713e+002 2.904387e-001 3.841654e+002 2.934307e-001 3.847594e+002 2.986074e-001 3.853533e+002 3.021140e-001 3.859473e+002 3.048812e-001 3.865412e+002 3.062478e-001 3.871350e+002 3.093178e-001 3.877289e+002 3.104675e-001 3.883227e+002 3.152383e-001 3.889164e+002 3.163883e-001 3.895102e+002 3.190662e-001 3.901039e+002 3.206862e-001 3.906975e+002 3.255159e-001 3.912912e+002 3.285978e-001 3.918848e+002 3.323551e-001 3.924783e+002 3.350412e-001 3.930718e+002 3.376098e-001 3.936653e+002 3.397029e-001 3.942588e+002 3.415274e-001 3.948522e+002 3.442321e-001 3.954456e+002 3.470463e-001 3.960390e+002 3.492903e-001 3.966323e+002 3.523155e-001 3.972256e+002 3.546547e-001 3.978189e+002 3.586635e-001 3.984121e+002 3.620336e-001 3.990053e+002 3.644091e-001 3.995985e+002 3.676473e-001 4.001916e+002 3.705231e-001 4.007847e+002 3.745533e-001 4.013777e+002 3.773284e-001 4.019708e+002 3.809707e-001 4.025637e+002 3.816730e-001 4.031567e+002 3.853471e-001 4.037496e+002 3.879615e-001 4.043425e+002 3.942574e-001 4.049354e+002 3.955469e-001 4.055282e+002 3.959420e-001 4.061210e+002 3.984791e-001 4.067137e+002 4.013285e-001 4.073065e+002 4.061932e-001 4.078991e+002 4.082113e-001 4.084918e+002 4.116204e-001 4.090844e+002 4.141828e-001 4.096770e+002 4.190892e-001 4.102696e+002 4.235393e-001 4.108621e+002 4.287909e-001 4.114546e+002 4.324564e-001 4.120470e+002 4.358763e-001 4.126394e+002 4.396817e-001 4.132318e+002 4.416399e-001 4.138241e+002 4.453719e-001 4.144165e+002 4.485601e-001 4.150087e+002 4.523975e-001 4.156010e+002 4.563599e-001 4.161932e+002 4.601551e-001 4.167854e+002 4.630567e-001 4.173775e+002 4.674551e-001 4.179696e+002 4.698595e-001 4.185617e+002 4.711651e-001 4.191538e+002 4.718529e-001 4.197458e+002 4.749568e-001 4.203377e+002 4.798456e-001 4.209297e+002 4.828197e-001 4.215216e+002 4.858272e-001 4.221134e+002 4.903551e-001 4.227053e+002 4.961947e-001 4.232971e+002 5.008880e-001 4.238889e+002 5.020504e-001 4.244806e+002 5.053810e-001 4.250723e+002 5.071422e-001 4.256640e+002 5.124883e-001 4.262556e+002 5.179487e-001 4.268472e+002 5.246935e-001 4.274388e+002 5.296668e-001 4.280303e+002 5.320581e-001 4.286218e+002 5.342032e-001 4.292132e+002 5.372739e-001 4.298047e+002 5.417195e-001 4.303961e+002 5.484620e-001 4.309874e+002 5.564216e-001 4.315787e+002 5.610323e-001 4.321700e+002 5.630095e-001 4.327613e+002 5.682469e-001 4.333525e+002 5.746943e-001 4.339437e+002 5.825537e-001 4.345349e+002 5.866254e-001 4.351260e+002 5.939444e-001 4.357171e+002 6.002051e-001 4.363081e+002 6.027160e-001 4.368991e+002 6.045902e-001 4.374901e+002 6.109089e-001 4.380811e+002 6.194893e-001 4.386720e+002 6.267967e-001 4.392628e+002 6.322493e-001 4.398537e+002 6.399569e-001 4.404445e+002 6.478639e-001 4.410353e+002 6.533315e-001 4.416260e+002 6.588220e-001 4.422167e+002 6.634243e-001 4.428074e+002 6.751038e-001 4.433980e+002 6.814602e-001 4.439886e+002 6.868286e-001 4.445792e+002 6.898053e-001 4.451697e+002 6.931004e-001 4.457602e+002 6.985362e-001 4.463507e+002 7.022150e-001 4.469411e+002 7.079447e-001 4.475315e+002 7.127915e-001 4.481219e+002 7.130766e-001 4.487122e+002 7.178969e-001 4.493025e+002 7.204100e-001 4.498928e+002 7.236759e-001 4.504830e+002 7.233508e-001 4.510732e+002 7.227431e-001 4.516633e+002 7.279967e-001 4.522534e+002 7.317956e-001 4.528435e+002 7.375136e-001 4.534336e+002 7.349823e-001 4.540236e+002 7.385024e-001 4.546136e+002 7.393296e-001 4.552035e+002 7.428940e-001 4.557934e+002 7.444221e-001 4.563833e+002 7.504654e-001 4.569731e+002 7.547052e-001 4.575629e+002 7.536386e-001 4.581527e+002 7.474341e-001 4.587425e+002 7.544439e-001 4.593322e+002 7.609901e-001 4.599218e+002 7.725875e-001 4.605115e+002 7.731163e-001 4.611011e+002 7.842550e-001 4.616906e+002 7.898369e-001 4.622802e+002 8.009487e-001 4.628696e+002 8.080521e-001 4.634591e+002 8.176765e-001 4.640485e+002 8.291882e-001 4.646379e+002 8.378877e-001 4.652273e+002 8.462453e-001 