function A = sgpsasze_InGaAs_resp_20110307 
A = NaN([2, 256]); 
A(:) = [8.997542e+002 NaN 9.036974e+002 4.772611e-003 9.076378e+002 5.700017e-003 9.115754e+002 6.534340e-003 9.155101e+002 7.606369e-003 9.194421e+002 8.919972e-003 9.233712e+002 1.052069e-002 9.272974e+002 1.245275e-002 9.312209e+002 1.445976e-002 9.351415e+002 1.630185e-002 9.390593e+002 1.797854e-002 9.429742e+002 1.978501e-002 9.468864e+002 2.207460e-002 9.507957e+002 2.507472e-002 9.547022e+002 2.837708e-002 9.586058e+002 3.183424e-002 9.625066e+002 3.529478e-002 9.664046e+002 3.906777e-002 9.702997e+002 4.271607e-002 9.741921e+002 4.634002e-002 9.780815e+002 5.026940e-002 9.819682e+002 5.407514e-002 9.858520e+002 5.798849e-002 9.897330e+002 6.212164e-002 9.936111e+002 6.633722e-002 9.974864e+002 7.050290e-002 1.001359e+003 7.528250e-002 1.005228e+003 7.972145e-002 1.009095e+003 8.460633e-002 1.012959e+003 8.861967e-002 1.016820e+003 9.187793e-002 1.020679e+003 9.482313e-002 1.024534e+003 9.784557e-002 1.028387e+003 9.990147e-002 1.032236e+003 1.023856e-001 1.036083e+003 1.046305e-001 1.039927e+003 1.065749e-001 1.043768e+003 1.086603e-001 1.047607e+003 1.112256e-001 1.051442e+003 1.140884e-001 1.055275e+003 1.172308e-001 1.059105e+003 1.208580e-001 1.062932e+003 1.253981e-001 1.066756e+003 1.292339e-001 1.070577e+003 1.317219e-001 1.074395e+003 1.342870e-001 1.078211e+003 1.381963e-001 1.082024e+003 1.432547e-001 1.085833e+003 1.473486e-001 1.089640e+003 1.517057e-001 1.093444e+003 1.561468e-001 1.097246e+003 1.604567e-001 1.101044e+003 1.647741e-001 1.104840e+003 1.696120e-001 1.108632e+003 1.744156e-001 1.112422e+003 1.792826e-001 1.116209e+003 1.837354e-001 1.119993e+003 1.885612e-001 1.123775e+003 1.926645e-001 1.127553e+003 1.962593e-001 1.131328e+003 1.998470e-001 1.135101e+003 2.030464e-001 1.138871e+003 2.066294e-001 1.142638e+003 2.100162e-001 1.146402e+003 2.125906e-001 1.150163e+003 2.156568e-001 1.153921e+003 2.180582e-001 1.157677e+003 2.208489e-001 1.161430e+003 2.245251e-001 1.165179e+003 2.277118e-001 1.168926e+003 2.316383e-001 1.172670e+003 2.340817e-001 1.176411e+003 2.367040e-001 1.180150e+003 2.393243e-001 1.183885e+003 2.419426e-001 1.187617e+003 2.445589e-001 1.191347e+003 2.471731e-001 1.195074e+003 2.497854e-001 1.198798e+003 2.523956e-001 1.202519e+003 2.550038e-001 1.206237e+003 2.576100e-001 1.209952e+003 2.602142e-001 1.213665e+003 2.628163e-001 1.217374e+003 2.654165e-001 1.221081e+003 2.680146e-001 1.224784e+003 2.703053e-001 1.228485e+003 2.725942e-001 1.232183e+003 2.748814e-001 1.235878e+003 2.771667e-001 1.239571e+003 2.794503e-001 1.243260e+003 2.817321e-001 1.246946e+003 2.840121e-001 1.250630e+003 2.862903e-001 1.254311e+003 2.885668e-001 1.257989e+003 2.908414e-001 1.261663e+003 2.931143e-001 1.265335e+003 2.953854e-001 1.269005e+003 2.976547e-001 1.272671e+003 2.999222e-001 1.276334e+003 3.021879e-001 1.279995e+003 3.044519e-001 1.283652e+003 3.067140e-001 1.287307e+003 3.089744e-001 1.290959e+003 3.112330e-001 1.294608e+003 3.134898e-001 1.298254e+003 3.157448e-001 1.301897e+003 3.179980e-001 1.305537e+003 3.202494e-001 1.309174e+003 3.198812e-001 1.312809e+003 3.195133e-001 1.316440e+003 3.191457e-001 1.320069e+003 3.233685e-001 1.323695e+003 3.275879e-001 1.327318e+003 3.318040e-001 1.330937e+003 3.360166e-001 1.334554e+003 3.402259e-001 1.338169e+003 3.444319e-001 1.341780e+003 3.486344e-001 1.345388e+003 3.528336e-001 1.348994e+003 3.570294e-001 1.352596e+003 3.612218e-001 1.356196e+003 3.654109e-001 1.359792e+003 3.695965e-001 1.363386e+003 3.737788e-001 1.366977e+003 3.779577e-001 1.370565e+003 3.821332e-001 1.374150e+003 3.863053e-001 1.377732e+003 3.904741e-001 1.381312e+003 3.946394e-001 1.384888e+003 3.988014e-001 1.388462e+003 4.029600e-001 1.392032e+003 4.071151e-001 1.395600e+003 4.112669e-001 1.399164e+003 4.154154e-001 1.402726e+003 4.195604e-001 1.406285e+003 4.237020e-001 1.409841e+003 4.278402e-001 1.413394e+003 4.319751e-001 1.416944e+003 4.361065e-001 1.420491e+003 4.402346e-001 1.424036e+003 4.443593e-001 1.427577e+003 4.484805e-001 1.431116e+003 4.525984e-001 1.434651e+003 4.567129e-001 1.438184e+003 4.608239e-001 1.441713e+003 4.649316e-001 1.445240e+003 4.690359e-001 1.448764e+003 4.731367e-001 1.452285e+003 4.772342e-001 1.455803e+003 4.813283e-001 1.459318e+003 4.854189e-001 1.462830e+003 4.895062e-001 1.466340e+003 4.935900e-001 1.469846e+003 4.976705e-001 1.473349e+003 5.017475e-001 1.476850e+003 5.058211e-001 1.480347e+003 5.098914e-001 1.483842e+003 5.139582e-001 1.487333e+003 5.180216e-001 1.490822e+003 5.220816e-001 1.494308e+003 5.261381e-001 1.497791e+003 5.301913e-001 1.501271e+003 5.342411e-001 1.504748e+003 5.382874e-001 1.508222e+003 5.423303e-001 1.511693e+003 5.463698e-001 1.515161e+003 5.504059e-001 1.518626e+003 5.544386e-001 1.522089e+003 5.584679e-001 1.525548e+003 5.624937e-001 1.529005e+003 5.665161e-001 1.532458e+003 5.705351e-001 1.535909e+003 5.745507e-001 1.539356e+003 5.751461e-001 1.542801e+003 5.757410e-001 1.546243e+003 5.763354e-001 1.549682e+003 5.761681e-001 1.553117e+003 5.760009e-001 1.556550e+003 5.758338e-001 1.559980e+003 5.756668e-001 1.563407e+003 5.755001e-001 1.566831e+003 5.753334e-001 1.570252e+003 5.758136e-001 1.573671e+003 5.762933e-001 1.577086e+003 5.767727e-001 1.580498e+003 5.772516e-001 1.583907e+003 5.777301e-001 1.587314e+003 5.782082e-001 1.590717e+003 5.786859e-001 1.594118e+003 5.791631e-001 1.597515e+003 5.796400e-001 1.600910e+003 5.801164e-001 1.604302e+003 5.805924e-001 1.607690e+003 5.810680e-001 1.611076e+003 5.815432e-001 1.614459e+003 5.797944e-001 1.617838e+003 5.780471e-001 1.621215e+003 5.763014e-001 1.624589e+003 5.745571e-001 1.627960e+003 5.728144e-001 1.631328e+003 5.689835e-001 1.634693e+003 5.604404e-001 1.638055e+003 5.514929e-001 1.641414e+003 5.418291e-001 1.644770e+003 5.243327e-001 1.648123e+003 4.999712e-001 1.651474e+003 4.674440e-001 1.654821e+003 4.294314e-001 1.658165e+003 3.871129e-001 1.661506e+003 3.406938e-001 1.664845e+003 2.932430e-001 1.668180e+003 2.467595e-001 1.671513e+003 2.061652e-001 1.674842e+003 1.721794e-001 1.678168e+003 1.448674e-001 1.681492e+003 1.237012e-001 1.684812e+003 1.059173e-001 1.688130e+003 9.183733e-002 1.691445e+003 7.944182e-002 1.694756e+003 6.902042e-002 1.698065e+003 5.998932e-002 1.701370e+003 5.262151e-002 1.704673e+003 4.576427e-002 1.707973e+003 4.017007e-002 1.711270e+003 3.584372e-002 1.714563e+003 3.193561e-002 1.717854e+003 2.861712e-002 1.721142e+003 2.537140e-002 1.724427e+003 2.242070e-002 1.727708e+003 1.967155e-002 1.730987e+003 1.726558e-002 1.734263e+003 NaN 1.737536e+003 NaN 1.740806e+003 NaN 1.744073e+003 NaN 1.747337e+003 NaN 1.750598e+003 NaN 1.753856e+003 NaN 1.757111e+003 NaN 1.760363e+003 NaN 1.763612e+003 NaN 1.766858e+003 NaN 1.770101e+003 NaN 1.773341e+003 NaN 1.776578e+003 NaN 1.779812e+003 NaN 1.783043e+003 NaN 1.786271e+003 NaN 1.789496e+003 NaN 1.792718e+003 NaN 1.795938e+003 NaN 1.799154e+003 NaN 1.802367e+003 NaN 1.805577e+003 NaN 1.808784e+003 NaN 1.811988e+003 NaN ]; 
return; 
