function A = sgpsashe_InGaAs_resp_p8in_20110307 
A = NaN([2, 256]); 
A(:) = [9.007061e+002 1.397718e-002 9.046626e+002 1.475144e-002 9.086148e+002 1.562680e-002 9.125627e+002 1.667885e-002 9.165065e+002 1.811764e-002 9.204460e+002 2.010708e-002 9.243813e+002 2.259653e-002 9.283124e+002 2.478156e-002 9.322394e+002 2.597525e-002 9.361623e+002 2.651916e-002 9.400810e+002 2.673241e-002 9.439956e+002 2.748778e-002 9.479061e+002 2.875630e-002 9.518126e+002 3.021753e-002 9.557151e+002 3.167489e-002 9.596135e+002 3.288664e-002 9.635079e+002 3.384576e-002 9.673983e+002 3.509856e-002 9.712848e+002 3.630819e-002 9.751673e+002 3.764923e-002 9.790458e+002 3.874209e-002 9.829205e+002 3.995752e-002 9.867913e+002 4.089329e-002 9.906582e+002 4.213485e-002 9.945212e+002 4.318876e-002 9.983804e+002 4.439963e-002 1.002236e+003 4.560577e-002 1.006087e+003 4.684832e-002 1.009935e+003 4.840756e-002 1.013779e+003 5.010400e-002 1.017620e+003 5.145110e-002 1.021456e+003 5.228178e-002 1.025289e+003 5.303933e-002 1.029118e+003 5.338567e-002 1.032944e+003 5.386770e-002 1.036766e+003 5.393954e-002 1.040584e+003 5.467386e-002 1.044398e+003 5.540749e-002 1.048209e+003 5.614042e-002 1.052017e+003 5.687267e-002 1.055821e+003 5.760424e-002 1.059621e+003 5.833513e-002 1.063418e+003 5.906534e-002 1.067211e+003 5.979487e-002 1.071001e+003 6.052374e-002 1.074788e+003 6.125194e-002 1.078571e+003 6.197948e-002 1.082350e+003 6.270637e-002 1.086127e+003 6.343260e-002 1.089899e+003 6.415817e-002 1.093669e+003 6.488310e-002 1.097435e+003 6.560739e-002 1.101198e+003 6.633104e-002 1.104957e+003 6.705405e-002 1.108713e+003 6.777642e-002 1.112466e+003 6.849817e-002 1.116216e+003 6.921929e-002 1.119962e+003 6.993979e-002 1.123705e+003 7.065968e-002 1.127445e+003 7.137894e-002 1.131182e+003 7.209760e-002 1.134915e+003 7.281565e-002 1.138646e+003 7.353310e-002 1.142373e+003 7.424994e-002 1.146098e+003 7.496619e-002 1.149819e+003 7.568184e-002 1.153537e+003 7.639691e-002 1.157252e+003 7.711139e-002 1.160964e+003 7.782529e-002 1.164673e+003 7.853861e-002 1.168379e+003 7.925135e-002 1.172082e+003 7.996353e-002 1.175782e+003 8.067513e-002 1.179480e+003 8.138618e-002 1.183174e+003 8.199155e-002 1.186865e+003 8.259644e-002 1.190554e+003 8.320086e-002 1.194239e+003 8.380482e-002 1.197922e+003 8.440831e-002 1.201602e+003 8.501134e-002 1.205279e+003 8.561390e-002 1.208954e+003 8.621602e-002 1.212626e+003 8.681768e-002 1.216294e+003 8.741889e-002 1.219961e+003 8.765488e-002 1.223624e+003 8.789069e-002 1.227285e+003 8.812633e-002 1.230943e+003 8.836180e-002 1.234598e+003 8.859710e-002 1.238251e+003 8.883223e-002 1.241902e+003 8.906719e-002 1.245549e+003 8.930199e-002 1.249194e+003 8.953662e-002 1.252837e+003 8.977108e-002 1.256477e+003 9.000538e-002 1.260114e+003 9.023952e-002 1.263749e+003 9.047350e-002 1.267382e+003 9.070732e-002 1.271012e+003 9.094098e-002 1.274639e+003 9.117448e-002 1.278264e+003 9.140783e-002 1.281887e+003 9.164102e-002 1.285507e+003 9.187406e-002 1.289125e+003 9.257542e-002 1.292741e+003 9.327632e-002 1.296354e+003 9.397677e-002 1.299965e+003 9.467678e-002 1.303574e+003 9.537634e-002 1.307180e+003 9.512382e-002 1.310785e+003 9.487146e-002 1.314386e+003 9.461925e-002 1.317986e+003 9.572991e-002 1.321584e+003 9.683990e-002 1.325179e+003 9.794921e-002 1.328772e+003 9.905786e-002 1.332363e+003 1.001658e-001 1.335952e+003 1.012732e-001 1.339539e+003 1.023798e-001 1.343124e+003 1.034859e-001 1.346706e+003 1.045913e-001 1.350287e+003 1.056961e-001 1.353866e+003 1.068002e-001 1.357442e+003 1.079037e-001 1.361017e+003 1.090066e-001 1.364589e+003 1.101089e-001 1.368160e+003 1.112106e-001 1.371729e+003 1.123117e-001 1.375295e+003 1.134122e-001 1.378860e+003 1.145121e-001 1.382423e+003 1.156115e-001 1.385985e+003 1.167103e-001 1.389544e+003 1.178085e-001 1.393101e+003 1.189061e-001 1.396657e+003 1.200032e-001 1.400211e+003 1.210997e-001 1.403763e+003 1.221957e-001 1.407314e+003 1.232912e-001 1.410862e+003 1.243861e-001 1.414409e+003 1.254805e-001 1.417955e+003 1.265743e-001 1.421498e+003 1.276677e-001 1.425040e+003 1.287605e-001 1.428580e+003 1.298529e-001 1.432119e+003 1.309447e-001 1.435656e+003 1.320360e-001 1.439192e+003 1.331269e-001 1.442726e+003 1.342173e-001 1.446258e+003 1.353072e-001 1.449789e+003 1.363966e-001 1.453319e+003 1.374856e-001 1.456847e+003 1.385741e-001 1.460373e+003 1.396622e-001 1.463898e+003 1.407498e-001 1.467422e+003 1.418370e-001 1.470944e+003 1.429237e-001 1.474465e+003 1.440101e-001 1.477984e+003 1.450959e-001 1.481502e+003 1.461814e-001 1.485019e+003 1.472665e-001 1.488534e+003 1.483512e-001 1.492049e+003 1.494354e-001 1.495561e+003 1.505193e-001 1.499073e+003 1.516028e-001 1.502583e+003 1.526859e-001 1.506093e+003 1.537686e-001 1.509601e+003 1.548509e-001 1.513107e+003 1.559329e-001 1.516613e+003 1.570146e-001 1.520117e+003 1.580958e-001 1.523621e+003 1.591768e-001 1.527123e+003 1.602573e-001 1.530624e+003 1.613376e-001 1.534124e+003 1.624175e-001 1.537623e+003 1.626363e-001 1.541121e+003 1.628551e-001 1.544618e+003 1.630737e-001 1.548114e+003 1.632924e-001 1.551609e+003 1.635109e-001 1.555103e+003 1.632476e-001 1.558597e+003 1.629844e-001 1.562089e+003 1.635700e-001 1.565580e+003 1.641555e-001 1.569071e+003 1.647409e-001 1.572560e+003 1.653260e-001 1.576049e+003 1.659111e-001 1.579537e+003 1.664960e-001 1.583024e+003 1.670808e-001 1.586510e+003 1.676654e-001 1.589996e+003 1.682499e-001 1.593481e+003 1.688343e-001 1.596965e+003 1.694186e-001 1.600448e+003 1.700027e-001 1.603931e+003 1.705868e-001 1.607413e+003 1.711707e-001 1.610894e+003 1.717545e-001 1.614375e+003 1.723382e-001 1.617855e+003 1.725610e-001 1.621334e+003 1.727837e-001 1.624813e+003 1.730065e-001 1.628292e+003 1.732292e-001 1.631770e+003 1.734518e-001 1.635247e+003 1.727995e-001 1.638724e+003 1.721472e-001 1.642200e+003 1.714950e-001 1.645676e+003 1.683649e-001 1.649151e+003 1.641889e-001 1.652626e+003 1.592308e-001 1.656101e+003 1.530024e-001 1.659575e+003 1.451069e-001 1.663049e+003 1.357007e-001 1.666522e+003 1.222318e-001 1.669995e+003 1.080770e-001 1.673468e+003 9.329103e-002 1.676941e+003 8.001247e-002 1.680413e+003 6.898252e-002 1.683885e+003 6.016806e-002 1.687356e+003 5.278303e-002 1.690828e+003 4.698499e-002 1.694299e+003 4.221654e-002 1.697770e+003 3.829680e-002 1.701241e+003 3.528339e-002 1.704712e+003 3.273399e-002 1.708183e+003 3.074548e-002 1.711653e+003 2.965829e-002 1.715124e+003 2.865278e-002 1.718594e+003 2.783791e-002 1.722065e+003 2.723121e-002 1.725535e+003 2.652426e-002 1.729005e+003 2.598026e-002 1.732476e+003 NaN 1.735946e+003 NaN 1.739416e+003 NaN 1.742887e+003 NaN 1.746357e+003 NaN 1.749828e+003 NaN 1.753299e+003 NaN 1.756770e+003 NaN 1.760241e+003 NaN 1.763712e+003 NaN 1.767183e+003 NaN 1.770655e+003 NaN 1.774127e+003 NaN 1.777599e+003 NaN 1.781071e+003 NaN 1.784544e+003 NaN 1.788017e+003 NaN 1.791490e+003 NaN 1.794964e+003 NaN 1.798438e+003 NaN 1.801912e+003 NaN 1.805387e+003 NaN 1.808862e+003 NaN 1.812338e+003 NaN 1.815814e+003 NaN 1.819290e+003 NaN 1.822767e+003 NaN ]; 
return; 
