function A = sgpsashe_coscorr_vs_nimfr_ 
A = NaN([2, 72]); 
A(:) = [10 NaN 11 NaN 12 NaN 13 NaN 14 NaN 15 NaN 16 9.992577e-001 17 9.966841e-001 18 9.955435e-001 19 9.964305e-001 20 9.888023e-001 21 9.903288e-001 22 9.893926e-001 23 9.882608e-001 24 9.866904e-001 25 9.856030e-001 26 9.828678e-001 27 9.834802e-001 28 9.792961e-001 29 9.769090e-001 30 9.787961e-001 31 9.750832e-001 32 9.722161e-001 33 9.699131e-001 34 9.684722e-001 35 9.672772e-001 36 9.632716e-001 37 9.601207e-001 38 9.588788e-001 39 9.585056e-001 40 9.558950e-001 41 9.526607e-001 42 9.488069e-001 43 9.454939e-001 44 9.434827e-001 45 9.404279e-001 46 9.377587e-001 47 9.343635e-001 48 9.271910e-001 49 9.251198e-001 50 9.212222e-001 51 9.133015e-001 52 9.100335e-001 53 9.057863e-001 54 9.023983e-001 55 8.987207e-001 56 8.923146e-001 57 8.902305e-001 58 8.852791e-001 59 8.845119e-001 60 8.777006e-001 61 8.753769e-001 62 8.713788e-001 63 8.681934e-001 64 8.658417e-001 65 8.591316e-001 66 8.555632e-001 67 8.531116e-001 68 8.496830e-001 69 8.453866e-001 70 8.406807e-001 71 8.367746e-001 72 8.313934e-001 73 8.300439e-001 74 8.285391e-001 75 8.225623e-001 76 8.222924e-001 77 8.184450e-001 78 8.218926e-001 79 8.092070e-001 80 7.874619e-001 81 7.527214e-001 ]; 
return; 
