function A = sgpsashe_Si_resp_3p16in_20110307 
A = NaN([2, 2048]); 
A(:) = [2.743110e+002 NaN 2.749110e+002 NaN 2.755109e+002 NaN 2.761108e+002 NaN 2.767107e+002 NaN 2.773106e+002 NaN 2.779104e+002 NaN 2.785102e+002 NaN 2.791099e+002 NaN 2.797097e+002 NaN 2.803093e+002 NaN 2.809090e+002 NaN 2.815086e+002 NaN 2.821082e+002 NaN 2.827078e+002 NaN 2.833074e+002 NaN 2.839069e+002 NaN 2.845063e+002 NaN 2.851058e+002 NaN 2.857052e+002 NaN 2.863046e+002 NaN 2.869039e+002 NaN 2.875032e+002 NaN 2.881025e+002 NaN 2.887018e+002 NaN 2.893010e+002 NaN 2.899002e+002 NaN 2.904993e+002 NaN 2.910984e+002 NaN 2.916975e+002 NaN 2.922966e+002 NaN 2.928956e+002 NaN 2.934946e+002 NaN 2.940936e+002 NaN 2.946925e+002 NaN 2.952914e+002 NaN 2.958903e+002 NaN 2.964891e+002 NaN 2.970879e+002 NaN 2.976867e+002 NaN 2.982854e+002 NaN 2.988842e+002 NaN 2.994828e+002 NaN 3.000815e+002 NaN 3.006801e+002 NaN 3.012787e+002 NaN 3.018772e+002 NaN 3.024757e+002 NaN 3.030742e+002 NaN 3.036727e+002 NaN 3.042711e+002 NaN 3.048695e+002 NaN 3.054678e+002 NaN 3.060662e+002 NaN 3.066645e+002 NaN 3.072627e+002 NaN 3.078610e+002 NaN 3.084591e+002 NaN 3.090573e+002 NaN 3.096554e+002 NaN 3.102535e+002 NaN 3.108516e+002 NaN 3.114496e+002 NaN 3.120477e+002 NaN 3.126456e+002 NaN 3.132436e+002 NaN 3.138415e+002 NaN 3.144393e+002 NaN 3.150372e+002 NaN 3.156350e+002 NaN 3.162328e+002 NaN 3.168305e+002 NaN 3.174282e+002 NaN 3.180259e+002 NaN 3.186236e+002 NaN 3.192212e+002 NaN 3.198188e+002 NaN 3.204163e+002 NaN 3.210138e+002 NaN 3.216113e+002 NaN 3.222088e+002 NaN 3.228062e+002 NaN 3.234036e+002 NaN 3.240009e+002 NaN 3.245983e+002 NaN 3.251956e+002 NaN 3.257928e+002 NaN 3.263901e+002 NaN 3.269872e+002 NaN 3.275844e+002 NaN 3.281815e+002 NaN 3.287786e+002 NaN 3.293757e+002 NaN 3.299727e+002 NaN 3.305697e+002 NaN 3.311667e+002 NaN 3.317636e+002 NaN 3.323605e+002 NaN 3.329574e+002 NaN 3.335543e+002 NaN 3.341511e+002 NaN 3.347478e+002 NaN 3.353446e+002 NaN 3.359413e+002 NaN 3.365380e+002 NaN 3.371346e+002 NaN 3.377312e+002 NaN 3.383278e+002 NaN 3.389243e+002 NaN 3.395208e+002 NaN 3.401173e+002 1.507025e-001 3.407138e+002 1.519824e-001 3.413102e+002 1.604828e-001 3.419066e+002 1.591100e-001 3.425029e+002 1.516846e-001 3.430992e+002 1.551261e-001 3.436955e+002 1.614482e-001 3.442918e+002 1.689843e-001 3.448880e+002 1.681863e-001 3.454842e+002 1.674501e-001 3.460803e+002 1.659592e-001 3.466764e+002 1.648448e-001 3.472725e+002 1.696879e-001 3.478686e+002 1.682776e-001 3.484646e+002 1.708253e-001 3.490606e+002 1.715879e-001 3.496565e+002 1.737705e-001 3.502525e+002 1.687158e-001 3.508483e+002 1.700583e-001 3.514442e+002 1.760196e-001 3.520400e+002 1.829122e-001 3.526358e+002 1.796113e-001 3.532316e+002 1.793132e-001 3.538273e+002 1.785302e-001 3.544230e+002 1.789729e-001 3.550186e+002 1.733094e-001 3.556143e+002 1.723093e-001 3.562099e+002 1.709379e-001 3.568054e+002 1.722945e-001 3.574010e+002 1.692011e-001 3.579964e+002 1.714950e-001 3.585919e+002 1.677135e-001 3.591873e+002 1.709987e-001 3.597827e+002 1.701124e-001 3.603781e+002 1.720912e-001 3.609734e+002 1.738016e-001 3.615687e+002 1.738434e-001 3.621640e+002 1.778452e-001 3.627592e+002 1.756617e-001 3.633544e+002 1.773165e-001 3.639496e+002 1.774428e-001 3.645447e+002 1.794635e-001 3.651398e+002 1.800364e-001 3.657349e+002 1.822722e-001 3.663299e+002 1.793691e-001 3.669249e+002 1.751037e-001 3.675199e+002 1.760540e-001 3.681148e+002 1.791610e-001 3.687097e+002 1.867644e-001 3.693046e+002 1.861159e-001 3.698994e+002 1.876229e-001 3.704942e+002 1.874574e-001 3.710889e+002 1.899006e-001 3.716837e+002 1.926194e-001 3.722784e+002 1.924998e-001 3.728730e+002 1.940435e-001 3.734677e+002 1.959843e-001 3.740623e+002 2.012584e-001 3.746568e+002 1.999456e-001 3.752514e+002 2.015767e-001 3.758459e+002 2.007693e-001 3.764403e+002 2.050379e-001 3.770348e+002 2.062498e-001 3.776292e+002 2.095143e-001 3.782235e+002 2.115980e-001 3.788179e+002 2.157244e-001 3.794122e+002 2.167639e-001 3.800064e+002 2.176811e-001 3.806007e+002 2.168699e-001 3.811949e+002 2.191223e-001 3.817890e+002 2.211499e-001 3.823832e+002 2.250585e-001 3.829773e+002 2.270340e-001 3.835713e+002 2.281144e-001 3.841654e+002 2.292848e-001 3.847594e+002 2.312812e-001 3.853533e+002 2.365398e-001 3.859473e+002 2.390700e-001 3.865412e+002 2.427444e-001 3.871350e+002 2.413483e-001 3.877289e+002 2.441143e-001 3.883227e+002 2.466568e-001 3.889164e+002 2.505713e-001 3.895102e+002 2.520961e-001 3.901039e+002 2.529293e-001 3.906975e+002 2.574218e-001 3.912912e+002 2.597597e-001 3.918848e+002 2.617771e-001 3.924783e+002 2.617382e-001 3.930718e+002 2.632191e-001 3.936653e+002 2.656896e-001 3.942588e+002 2.678667e-001 3.948522e+002 2.700045e-001 3.954456e+002 2.710759e-001 3.960390e+002 2.727093e-001 3.966323e+002 2.764407e-001 3.972256e+002 2.781427e-001 3.978189e+002 2.803972e-001 3.984121e+002 2.818339e-001 3.990053e+002 2.842553e-001 3.995985e+002 2.876186e-001 4.001916e+002 2.898489e-001 4.007847e+002 2.951441e-001 4.013777e+002 2.959353e-001 4.019708e+002 2.973109e-001 4.025637e+002 2.975951e-001 4.031567e+002 3.021129e-001 4.037496e+002 3.039067e-001 4.043425e+002 3.058128e-001 4.049354e+002 3.075137e-001 4.055282e+002 3.089475e-001 4.061210e+002 3.124131e-001 4.067137e+002 3.140191e-001 4.073065e+002 3.188165e-001 4.078991e+002 3.197221e-001 4.084918e+002 3.209521e-001 4.090844e+002 3.211624e-001 4.096770e+002 3.250622e-001 4.102696e+002 3.307795e-001 4.108621e+002 3.355214e-001 4.114546e+002 3.379308e-001 4.120470e+002 3.393035e-001 4.126394e+002 3.414701e-001 4.132318e+002 3.442152e-001 4.138241e+002 3.476411e-001 4.144165e+002 3.509800e-001 4.150087e+002 3.545397e-001 4.156010e+002 3.563220e-001 4.161932e+002 3.584324e-001 4.167854e+002 3.597106e-001 4.173775e+002 3.635819e-001 4.179696e+002 3.654055e-001 4.185617e+002 3.666125e-001 4.191538e+002 3.657527e-001 4.197458e+002 3.679827e-001 4.203377e+002 3.712189e-001 4.209297e+002 3.738264e-001 4.215216e+002 3.767241e-001 4.221134e+002 3.803383e-001 4.227053e+002 3.848559e-001 4.232971e+002 3.882971e-001 4.238889e+002 3.891690e-001 4.244806e+002 3.910362e-001 4.250723e+002 3.920162e-001 4.256640e+002 3.944615e-001 4.262556e+002 3.985792e-001 4.268472e+002 4.036307e-001 4.274388e+002 4.075965e-001 4.280303e+002 4.112628e-001 4.286218e+002 4.125639e-001 4.292132e+002 4.159921e-001 4.298047e+002 4.178676e-001 4.303961e+002 4.233606e-001 4.309874e+002 4.291752e-001 4.315787e+002 4.321021e-001 4.321700e+002 4.332964e-001 4.327613e+002 4.373074e-001 4.333525e+002 4.423433e-001 4.339437e+002 4.481457e-001 4.345349e+002 4.509676e-001 4.351260e+002 4.570851e-001 4.357171e+002 4.619291e-001 4.363081e+002 4.637528e-001 4.368991e+002 4.646293e-001 4.374901e+002 4.696426e-001 4.380811e+002 4.760806e-001 4.386720e+002 4.824494e-001 4.392628e+002 4.861680e-001 4.398537e+002 4.923944e-001 4.404445e+002 4.985180e-001 4.410353e+002 5.031032e-001 4.416260e+002 5.067499e-001 4.422167e+002 5.100772e-001 4.428074e+002 5.177628e-001 4.433980e+002 5.232365e-001 4.439886e+002 5.266263e-001 4.445792e+002 5.288085e-001 4.451697e+002 5.304718e-001 4.457602e+002 5.341198e-001 4.463507e+002 5.370503e-001 4.469411e+002 5.406655e-001 4.475315e+002 5.451551e-001 4.481219e+002 5.458933e-001 4.487122e+002 5.502909e-001 4.493025e+002 5.514293e-001 4.498928e+002 5.538905e-001 4.504830e+002 5.529294e-001 4.510732e+002 5.529783e-001 4.516633e+002 5.563337e-001 4.522534e+002 5.597027e-001 4.528435e+002 5.635355e-001 4.534336e+002 5.621097e-001 4.540236e+002 5.651730e-001 4.546136e+002 5.659261e-001 4.552035e+002 5.683412e-001 4.557934e+002 5.691284e-001 4.563833e+002 5.738003e-001 4.569731e+002 5.766019e-001 4.575629e+002 5.761353e-001 4.581527e+002 5.715847e-001 4.587425e+002 5.772657e-001 4.593322e+002 5.815233e-001 4.599218e+002 5.901236e-001 4.605115e+002 5.902438e-001 4.611011e+002 5.986604e-001 4.616906e+002 6.032883e-001 4.622802e+002 6.122312e-001 4.628696e+002 6.177262e-001 4.634591e+002 6.245028e-001 4.640485e+002 6.325178e-001 4.646379e+002 6.384995e-001 4.652273e+002 6.445321e-001 