function A = sgpsashe_InGaAs_resp_3p16in_20110307 
A = NaN([2, 256]); 
A(:) = [9.007061e+002 1.004689e-002 9.046626e+002 1.060963e-002 9.086148e+002 1.118833e-002 9.125627e+002 1.194178e-002 9.165065e+002 1.296216e-002 9.204460e+002 1.441012e-002 9.243813e+002 1.612929e-002 9.283124e+002 1.767079e-002 9.322394e+002 1.850037e-002 9.361623e+002 1.886782e-002 9.400810e+002 1.901974e-002 9.439956e+002 1.952842e-002 9.479061e+002 2.035797e-002 9.518126e+002 2.139824e-002 9.557151e+002 2.238933e-002 9.596135e+002 2.322638e-002 9.635079e+002 2.385680e-002 9.673983e+002 2.472512e-002 9.712848e+002 2.556098e-002 9.751673e+002 2.645954e-002 9.790458e+002 2.719222e-002 9.829205e+002 2.801040e-002 9.867913e+002 2.864852e-002 9.906582e+002 2.947660e-002 9.945212e+002 3.017157e-002 9.983804e+002 3.098338e-002 1.002236e+003 3.178222e-002 1.006087e+003 3.260324e-002 1.009935e+003 3.364267e-002 1.013779e+003 3.478511e-002 1.017620e+003 3.566019e-002 1.021456e+003 3.621302e-002 1.025289e+003 3.669653e-002 1.029118e+003 3.687587e-002 1.032944e+003 3.718454e-002 1.036766e+003 3.718969e-002 1.040584e+003 3.718437e-002 1.044398e+003 3.717906e-002 1.048209e+003 3.717375e-002 1.052017e+003 3.735515e-002 1.055821e+003 3.753638e-002 1.059621e+003 3.771744e-002 1.063418e+003 3.789834e-002 1.067211e+003 3.807907e-002 1.071001e+003 3.825963e-002 1.074788e+003 3.886309e-002 1.078571e+003 3.946600e-002 1.082350e+003 4.006836e-002 1.086127e+003 4.067018e-002 1.089899e+003 4.127147e-002 1.093669e+003 4.187221e-002 1.097435e+003 4.247243e-002 1.101198e+003 4.307211e-002 1.104957e+003 4.367127e-002 1.108713e+003 4.426990e-002 1.112466e+003 4.486801e-002 1.116216e+003 4.546560e-002 1.119962e+003 4.606267e-002 1.123705e+003 4.665924e-002 1.127445e+003 4.725529e-002 1.131182e+003 4.785084e-002 1.134915e+003 4.844588e-002 1.138646e+003 4.904043e-002 1.142373e+003 4.963447e-002 1.146098e+003 5.022803e-002 1.149819e+003 5.082109e-002 1.153537e+003 5.141366e-002 1.157252e+003 5.200575e-002 1.160964e+003 5.259735e-002 1.164673e+003 5.318848e-002 1.168379e+003 5.377913e-002 1.172082e+003 5.436930e-002 1.175782e+003 5.495901e-002 1.179480e+003 5.554825e-002 1.183174e+003 5.596292e-002 1.186865e+003 5.637728e-002 1.190554e+003 5.679131e-002 1.194239e+003 5.720502e-002 1.197922e+003 5.761841e-002 1.201602e+003 5.803148e-002 1.205279e+003 5.844424e-002 1.208954e+003 5.885669e-002 1.212626e+003 5.926883e-002 1.216294e+003 5.968066e-002 1.219961e+003 5.980721e-002 1.223624e+003 5.993368e-002 1.227285e+003 6.006005e-002 1.230943e+003 6.018633e-002 1.234598e+003 6.031251e-002 1.238251e+003 6.043861e-002 1.241902e+003 6.056461e-002 1.245549e+003 6.069053e-002 1.249194e+003 6.081636e-002 1.252837e+003 6.094210e-002 1.256477e+003 6.106775e-002 1.260114e+003 6.119331e-002 1.263749e+003 6.131879e-002 1.267382e+003 6.144419e-002 1.271012e+003 6.156949e-002 1.274639e+003 6.169472e-002 1.278264e+003 6.181986e-002 1.281887e+003 6.194491e-002 1.285507e+003 6.206989e-002 1.289125e+003 6.255498e-002 1.292741e+003 6.303976e-002 1.296354e+003 6.352422e-002 1.299965e+003 6.400838e-002 1.303574e+003 6.449222e-002 1.307180e+003 6.436784e-002 1.310785e+003 6.424353e-002 1.314386e+003 6.411930e-002 1.317986e+003 6.503404e-002 1.321584e+003 6.594821e-002 1.325179e+003 6.686184e-002 1.328772e+003 6.777491e-002 1.332363e+003 6.868744e-002 1.335952e+003 6.959943e-002 1.339539e+003 7.051088e-002 1.343124e+003 7.142181e-002 1.346706e+003 7.233221e-002 1.350287e+003 7.324209e-002 1.353866e+003 7.415145e-002 1.357442e+003 7.506031e-002 1.361017e+003 7.596866e-002 1.364589e+003 7.687650e-002 1.368160e+003 7.778385e-002 1.371729e+003 7.869071e-002 1.375295e+003 7.959708e-002 1.378860e+003 8.050297e-002 1.382423e+003 8.140839e-002 1.385985e+003 8.231333e-002 1.389544e+003 8.321780e-002 1.393101e+003 8.412181e-002 1.396657e+003 8.502536e-002 1.400211e+003 8.592846e-002 1.403763e+003 8.683111e-002 1.407314e+003 8.773332e-002 1.410862e+003 8.863508e-002 1.414409e+003 8.953642e-002 1.417955e+003 9.043732e-002 1.421498e+003 9.133780e-002 1.425040e+003 9.223786e-002 1.428580e+003 9.313750e-002 1.432119e+003 9.403674e-002 1.435656e+003 9.493557e-002 1.439192e+003 9.583399e-002 1.442726e+003 9.673202e-002 1.446258e+003 9.762967e-002 1.449789e+003 9.852692e-002 1.453319e+003 9.942379e-002 1.456847e+003 1.003203e-001 1.460373e+003 1.012164e-001 1.463898e+003 1.021122e-001 1.467422e+003 1.030076e-001 1.470944e+003 1.039026e-001 1.474465e+003 1.047973e-001 1.477984e+003 1.056916e-001 1.481502e+003 1.065856e-001 1.485019e+003 1.074793e-001 1.488534e+003 1.083726e-001 1.492049e+003 1.092656e-001 1.495561e+003 1.101583e-001 1.499073e+003 1.110506e-001 1.502583e+003 1.119426e-001 1.506093e+003 1.128344e-001 1.509601e+003 1.137258e-001 1.513107e+003 1.146169e-001 1.516613e+003 1.155077e-001 1.520117e+003 1.163983e-001 1.523621e+003 1.172885e-001 1.527123e+003 1.181785e-001 1.530624e+003 1.190682e-001 1.534124e+003 1.199576e-001 1.537623e+003 1.200076e-001 1.541121e+003 1.200577e-001 1.544618e+003 1.201077e-001 1.548114e+003 1.201577e-001 1.551609e+003 1.202077e-001 1.555103e+003 1.199650e-001 1.558597e+003 1.197222e-001 1.562089e+003 1.200828e-001 1.565580e+003 1.204432e-001 1.569071e+003 1.208035e-001 1.572560e+003 1.211638e-001 1.576049e+003 1.215239e-001 1.579537e+003 1.218840e-001 1.583024e+003 1.222440e-001 1.586510e+003 1.226039e-001 1.589996e+003 1.229638e-001 1.593481e+003 1.233235e-001 1.596965e+003 1.236832e-001 1.600448e+003 1.240428e-001 1.603931e+003 1.244023e-001 1.607413e+003 1.247618e-001 1.610894e+003 1.251212e-001 1.614375e+003 1.254805e-001 1.617855e+003 1.255126e-001 1.621334e+003 1.255447e-001 1.624813e+003 1.255767e-001 1.628292e+003 1.256088e-001 1.631770e+003 1.256408e-001 1.635247e+003 1.251044e-001 1.638724e+003 1.245680e-001 1.642200e+003 1.240317e-001 1.645676e+003 1.216409e-001 1.649151e+003 1.185312e-001 1.652626e+003 1.149019e-001 1.656101e+003 1.103210e-001 1.659575e+003 1.045767e-001 1.663049e+003 9.780221e-002 1.666522e+003 8.804785e-002 1.669995e+003 7.790213e-002 1.673468e+003 6.717931e-002 1.676941e+003 5.766698e-002 1.680413e+003 4.965742e-002 1.683885e+003 4.342938e-002 1.687356e+003 3.824391e-002 1.690828e+003 3.396495e-002 1.694299e+003 3.054325e-002 1.697770e+003 2.779150e-002 1.701241e+003 2.563573e-002 1.704712e+003 2.382840e-002 1.708183e+003 2.242195e-002 1.711653e+003 2.164286e-002 1.715124e+003 2.090210e-002 1.718594e+003 2.045128e-002 1.722065e+003 2.001085e-002 1.725535e+003 1.949316e-002 1.729005e+003 1.898618e-002 1.732476e+003 NaN 1.735946e+003 NaN 1.739416e+003 NaN 1.742887e+003 NaN 1.746357e+003 NaN 1.749828e+003 NaN 1.753299e+003 NaN 1.756770e+003 NaN 1.760241e+003 NaN 1.763712e+003 NaN 1.767183e+003 NaN 1.770655e+003 NaN 1.774127e+003 NaN 1.777599e+003 NaN 1.781071e+003 NaN 1.784544e+003 NaN 1.788017e+003 NaN 1.791490e+003 NaN 1.794964e+003 NaN 1.798438e+003 NaN 1.801912e+003 NaN 1.805387e+003 NaN 1.808862e+003 NaN 1.812338e+003 NaN 1.815814e+003 NaN 1.819290e+003 NaN 1.822767e+003 NaN ]; 
return; 
