function A = sgpsasze_Si_resp_20110307 
A = NaN([2, 2048]); 
A(:) = [2.739209e+002 NaN 2.745222e+002 NaN 2.751234e+002 NaN 2.757246e+002 NaN 2.763257e+002 NaN 2.769269e+002 NaN 2.775280e+002 NaN 2.781290e+002 NaN 2.787301e+002 NaN 2.793311e+002 NaN 2.799320e+002 NaN 2.805330e+002 NaN 2.811339e+002 NaN 2.817348e+002 NaN 2.823356e+002 NaN 2.829364e+002 NaN 2.835372e+002 NaN 2.841379e+002 NaN 2.847386e+002 NaN 2.853393e+002 NaN 2.859400e+002 NaN 2.865406e+002 NaN 2.871411e+002 NaN 2.877417e+002 NaN 2.883422e+002 NaN 2.889427e+002 NaN 2.895431e+002 NaN 2.901436e+002 NaN 2.907439e+002 NaN 2.913443e+002 NaN 2.919446e+002 NaN 2.925449e+002 NaN 2.931451e+002 NaN 2.937454e+002 NaN 2.943456e+002 NaN 2.949457e+002 NaN 2.955458e+002 NaN 2.961459e+002 NaN 2.967460e+002 NaN 2.973460e+002 NaN 2.979460e+002 NaN 2.985460e+002 NaN 2.991459e+002 NaN 2.997458e+002 NaN 3.003456e+002 NaN 3.009455e+002 NaN 3.015453e+002 NaN 3.021450e+002 NaN 3.027447e+002 NaN 3.033444e+002 NaN 3.039441e+002 NaN 3.045437e+002 NaN 3.051433e+002 NaN 3.057429e+002 NaN 3.063424e+002 NaN 3.069419e+002 NaN 3.075414e+002 NaN 3.081408e+002 NaN 3.087402e+002 NaN 3.093396e+002 NaN 3.099389e+002 NaN 3.105382e+002 NaN 3.111375e+002 NaN 3.117367e+002 NaN 3.123359e+002 NaN 3.129351e+002 NaN 3.135342e+002 NaN 3.141333e+002 NaN 3.147324e+002 NaN 3.153314e+002 NaN 3.159305e+002 NaN 3.165294e+002 NaN 3.171284e+002 NaN 3.177273e+002 NaN 3.183261e+002 NaN 3.189250e+002 NaN 3.195238e+002 NaN 3.201225e+002 NaN 3.207213e+002 NaN 3.213200e+002 NaN 3.219187e+002 NaN 3.225173e+002 NaN 3.231159e+002 NaN 3.237145e+002 NaN 3.243130e+002 NaN 3.249115e+002 NaN 3.255100e+002 NaN 3.261084e+002 NaN 3.267068e+002 NaN 3.273052e+002 NaN 3.279035e+002 NaN 3.285019e+002 NaN 3.291001e+002 NaN 3.296984e+002 NaN 3.302966e+002 NaN 3.308947e+002 NaN 3.314929e+002 NaN 3.320910e+002 NaN 3.326891e+002 NaN 3.332871e+002 NaN 3.338851e+002 NaN 3.344831e+002 NaN 3.350810e+002 NaN 3.356789e+002 NaN 3.362768e+002 NaN 3.368746e+002 NaN 3.374724e+002 NaN 3.380702e+002 NaN 3.386679e+002 NaN 3.392656e+002 NaN 3.398633e+002 NaN 3.404609e+002 5.360993e-001 3.410585e+002 5.411680e-001 3.416561e+002 5.486832e-001 3.422536e+002 5.481306e-001 3.428511e+002 5.535463e-001 3.434486e+002 5.599763e-001 3.440460e+002 5.661370e-001 3.446434e+002 5.752653e-001 3.452408e+002 5.827808e-001 3.458381e+002 5.943685e-001 3.464354e+002 6.004682e-001 3.470327e+002 6.002804e-001 3.476299e+002 6.005057e-001 3.482271e+002 6.041765e-001 3.488243e+002 6.148632e-001 3.494214e+002 6.233646e-001 3.500185e+002 6.310516e-001 3.506156e+002 6.378384e-001 3.512126e+002 6.488560e-001 3.518096e+002 6.589330e-001 3.524066e+002 6.695671e-001 3.530035e+002 6.726927e-001 3.536004e+002 6.759035e-001 3.541973e+002 6.744809e-001 3.547941e+002 6.730585e-001 3.553909e+002 6.747338e-001 3.559876e+002 6.782688e-001 3.565844e+002 6.838718e-001 3.571810e+002 6.818370e-001 3.577777e+002 6.799711e-001 3.583743e+002 6.774202e-001 3.589709e+002 6.810934e-001 3.595675e+002 6.876936e-001 3.601640e+002 6.971027e-001 3.607605e+002 7.056757e-001 3.613569e+002 7.155483e-001 3.619533e+002 7.265530e-001 3.625497e+002 7.324763e-001 3.631461e+002 7.365702e-001 3.637424e+002 7.430225e-001 3.643387e+002 7.527885e-001 3.649349e+002 7.637852e-001 3.655311e+002 7.712593e-001 3.661273e+002 7.805954e-001 3.667235e+002 7.894860e-001 3.673196e+002 7.968363e-001 3.679157e+002 8.024343e-001 3.685117e+002 8.095278e-001 3.691077e+002 8.201057e-001 3.697037e+002 8.342797e-001 3.702996e+002 8.479387e-001 3.708955e+002 8.600891e-001 3.714914e+002 8.729118e-001 3.720872e+002 8.860216e-001 3.726830e+002 8.977516e-001 3.732788e+002 9.090028e-001 3.738746e+002 9.191817e-001 3.744703e+002 9.346672e-001 3.750659e+002 9.480045e-001 3.756616e+002 9.601974e-001 3.762572e+002 9.690918e-001 3.768527e+002 9.822332e-001 3.774482e+002 9.947759e-001 3.780437e+002 1.009214e+000 3.786392e+002 1.017526e+000 3.792346e+002 1.033176e+000 3.798300e+002 1.045434e+000 3.804254e+002 1.061470e+000 3.810207e+002 1.076055e+000 3.816160e+002 1.091611e+000 3.822112e+002 1.107908e+000 3.828065e+002 1.117818e+000 3.834017e+002 1.130990e+000 3.839968e+002 1.141497e+000 3.845919e+002 1.156917e+000 3.851870e+002 1.173330e+000 3.857821e+002 1.191802e+000 3.863771e+002 1.210055e+000 3.869720e+002 1.225518e+000 3.875670e+002 1.241083e+000 3.881619e+002 1.257743e+000 3.887568e+002 1.272918e+000 3.893516e+002 1.292998e+000 3.899464e+002 1.304545e+000 3.905412e+002 1.322523e+000 3.911359e+002 1.332842e+000 3.917306e+002 1.351178e+000 3.923253e+002 1.363739e+000 3.929199e+002 1.381736e+000 3.935145e+002 1.396601e+000 3.941091e+002 1.409295e+000 3.947036e+002 1.418284e+000 3.952981e+002 1.428843e+000 3.958926e+002 1.444109e+000 3.964870e+002 1.460348e+000 3.970814e+002 1.476016e+000 3.976757e+002 1.487275e+000 3.982701e+002 1.503727e+000 3.988643e+002 1.515245e+000 3.994586e+002 1.531152e+000 4.000528e+002 1.546249e+000 4.006470e+002 1.563508e+000 4.012411e+002 1.579586e+000 4.018353e+002 1.590027e+000 4.024293e+002 1.603369e+000 4.030234e+002 1.613601e+000 4.036174e+002 1.625308e+000 4.042114e+002 1.636131e+000 4.048053e+002 1.651645e+000 4.053992e+002 1.662016e+000 4.059931e+002 1.673479e+000 4.065869e+002 1.681801e+000 4.071807e+002 1.693224e+000 4.077745e+002 1.702419e+000 4.083682e+002 1.709709e+000 4.089619e+002 1.719535e+000 4.095555e+002 1.725644e+000 4.101492e+002 1.734822e+000 4.107427e+002 1.737910e+000 4.113363e+002 1.747037e+000 4.119298e+002 1.758751e+000 4.125233e+002 1.771747e+000 4.131168e+002 1.777793e+000 4.137102e+002 1.780614e+000 4.143035e+002 1.782417e+000 4.148969e+002 1.787417e+000 4.154902e+002 1.794288e+000 4.160835e+002 1.800869e+000 4.166767e+002 1.805278e+000 4.172699e+002 1.804247e+000 4.178631e+002 1.813199e+000 4.184562e+002 1.821483e+000 4.190493e+002 1.833148e+000 4.196424e+002 1.834181e+000 4.202354e+002 1.844086e+000 4.208284e+002 1.854900e+000 4.214213e+002 1.860504e+000 4.220143e+002 1.862899e+000 4.226071e+002 1.872127e+000 4.232000e+002 1.893899e+000 4.237928e+002 1.908086e+000 4.243856e+002 1.922495e+000 4.249783e+002 1.927150e+000 4.255710e+002 1.944145e+000 4.261637e+002 1.946949e+000 4.267564e+002 1.956116e+000 4.273490e+002 1.972791e+000 4.279415e+002 1.986948e+000 4.285341e+002 2.002432e+000 4.291266e+002 2.009935e+000 4.297190e+002 2.027925e+000 4.303114e+002 2.045361e+000 4.309038e+002 2.059130e+000 4.314962e+002 2.071445e+000 4.320885e+002 2.080843e+000 4.326808e+002 2.102394e+000 4.332731e+002 2.120209e+000 4.338653e+002 2.137508e+000 4.344574e+002 2.150067e+000 4.350496e+002 2.159115e+000 4.356417e+002 2.184189e+000 4.362338e+002 2.196473e+000 4.368258e+002 2.220818e+000 4.374178e+002 2.233156e+000 4.380098e+002 2.251685e+000 4.386017e+002 2.270206e+000 4.391936e+002 2.285511e+000 4.397855e+002 2.301634e+000 4.403773e+002 2.323968e+000 4.409691e+002 2.348263e+000 4.415608e+002 2.364108e+000 4.421525e+002 2.370933e+000 4.427442e+002 2.380252e+000 4.433359e+002 2.401089e+000 4.439275e+002 2.426520e+000 4.445190e+002 2.447268e+000 4.451106e+002 2.462906e+000 4.457021e+002 2.475694e+000 4.462936e+002 2.505556e+000 4.468850e+002 2.518691e+000 4.474764e+002 2.519824e+000 4.480677e+002 2.499246e+000 4.486591e+002 2.502323e+000 4.492504e+002 2.515910e+000 4.498416e+002 2.528509e+000 4.504328e+002 2.535066e+000 4.510240e+002 2.537868e+000 4.516151e+002 2.542624e+000 4.522063e+002 2.541745e+000 4.527973e+002 2.549911e+000 4.533884e+002 2.556248e+000 4.539794e+002 2.564177e+000 4.545703e+002 2.572266e+000 4.551613e+002 2.574682e+000 4.557522e+002 2.573344e+000 4.563430e+002 2.565060e+000 4.569338e+002 2.572186e+000 4.575246e+002 2.589279e+000 4.581154e+002 2.601394e+000 4.587061e+002 2.603799e+000 4.592968e+002 2.598554e+000 4.598874e+002 2.598240e+000 4.604780e+002 2.601663e+000 4.610686e+002 2.624330e+000 4.616591e+002 2.641928e+000 4.622496e+002 2.656736e+000 4.628401e+002 2.668129e+000 4.634305e+002 2.682953e+000 4.640209e+002 2.699222e+000 4.646112e+002 2.707697e+000 4.652016e+002 2.718781e+000 4.657918e+002 