%%%%  The data below is from NSA sonde 991214.

% Alt	Temp	Press	
%m	K	mb	

sonde1 = [
12.8	246.25	1036.5	;
61.8	247.55	1029.5	;
111.3	247.75	1022.5	;
160.8	247.55	1015.5	;
209.8	248.65	1008.7	;
257.2	250.15	1002.2	;
304.8	250.75	995.7	;
355.3	251.05	988.9	;
406.5	251.25	982	;
460	251.35	974.9	;
590.4	251.45	957.8	;
631.4	251.55	952.5	;
690.3	251.55	944.9	;
749.4	251.45	937.3	;
809.9	251.35	929.7	;
867.5	251.35	922.4	;
926.7	251.25	915	;
984.3	251.25	907.9	;
1045	251.35	900.4	;
1101.5	251.15	893.5	;
1159.8	250.85	886.5	;
1218.4	250.65	879.4	;
1278.2	250.55	872.3	;
1337.7	250.35	865.2	;
1395.9	250.05	858.4	;
1455.7	249.95	851.4	;
1519.1	249.75	844.1	;
1579	249.45	837.2	;
1640.3	249.15	830.2	;
1701.9	248.85	823.2	;
1763	248.75	816.3	;
1824.2	248.45	809.5	;
1884.6	248.15	802.8	;
1945.9	247.85	796	;
2007.4	247.65	789.3	;
2070	247.35	782.5	;
2133.6	246.95	775.7	;
2196	246.55	769	;
2256.9	246.25	762.5	;
2319.8	245.95	755.9	;
2381.7	245.65	749.4	;
2442.6	245.25	743.1	;
2505.4	244.95	736.6	;
2569.4	244.75	730.1	;
2632.4	244.45	723.7	;
2693.9	244.05	717.5	;
2757.3	243.75	711.2	;
2819.1	243.35	705	;
2881.1	243.15	698.9	;
2944.2	242.85	692.7	;
3007.9	242.45	686.6	;
3073.8	241.95	680.2	;
3135.9	241.55	674.2	;
3201.9	241.15	668	;
3265.5	240.75	662	;
3326.3	240.35	656.3	;
3390.8	239.95	650.3	;
3454.3	239.45	644.4	;
3514.8	239.05	638.9	;
3576.5	238.65	633.3	;
3640.4	238.15	627.5	;
3702.7	237.75	621.9	;
3763.1	237.45	616.6	;
3825.5	236.95	611	;
3888.3	236.55	605.5	;
3952.3	236.15	600	;
4017.2	235.65	594.3	;
4076.7	235.35	589.2	;
4141.6	234.95	583.7	;
4204.3	234.55	578.4	;
4266.9	234.05	573.1	;
4329.7	233.55	567.9	;
4394.3	233.15	562.6	;
4457.8	232.65	557.3	;
4520.3	232.25	552.3	;
4579.7	231.85	547.4	;
4643.5	231.55	542.3	;
4705	231.15	537.4	;
4761.4	230.75	533	;
4805	230.45	529.5	;
4844.4	230.25	526.4	;
5005.6	229.15	514	;
5044.7	228.95	511	;
5174.8	228.15	501.1	;
5215.3	227.85	498.1	;
5257.1	227.55	495	;
5298.3	227.25	491.9	;
5339.8	226.95	488.9	;
5377.4	226.65	486.1	;
5418.5	226.35	483.1	;
5457.5	226.15	480.3	;
5498.5	225.85	477.3	;
5536.1	225.65	474.6	;
5575.8	225.45	471.8	;
5616	225.25	468.9	;
5654.7	224.95	466.1	;
5692.9	224.75	463.4	;
5732.5	224.45	460.7	;
5771.6	224.25	457.9	;
5811.3	224.15	455.2	;
5848.7	223.95	452.6	;
5886.8	223.65	450	;
5923.6	223.45	447.4	;
5960.5	223.15	444.9	;
5997.4	222.85	442.4	;
6037.2	222.55	439.7	;
6074.5	222.35	437.2	;
6113.1	222.05	434.6	;
6149.2	221.75	432.2	;
6186.3	221.45	429.7	;
6224.1	221.15	427.2	;
6260.4	220.85	424.9	;
6297.4	220.55	422.4	;
6334.6	220.35	420	;
6371.2	220.15	417.6	;
6407.2	219.95	415.3	;
6445.9	219.65	412.8	;
6484.6	219.35	410.3	;
6524	219.05	407.8	;
6560.9	218.75	405.5	;
6599	218.45	403.1	;
6638	218.25	400.6	;
6676.9	218.05	398.2	;
6717.6	217.95	395.6	;
6757	217.75	393.2	;
6797.4	217.55	390.7	;
6836.4	217.25	388.3	;
6876.9	216.95	385.9	;
6915.5	216.85	383.5	;
6954.4	216.75	381.2	;
6995.6	216.55	378.7	;
7036.2	216.35	376.3	;
7077.5	216.15	373.9	;
7118.3	215.95	371.5	;
7161.6	215.55	368.9	;
7202.4	215.35	366.5	;
7242.3	215.15	364.2	;
7283.3	214.95	361.9	;
7323.1	214.65	359.6	;
7363.8	214.55	357.2	;
7403	214.35	355	;
7441.6	214.25	352.8	;
7480	214.15	350.7	;
7518	214.05	348.6	;
7557.4	213.95	346.4	;
7594.7	213.85	344.3	;
7632.5	213.85	342.3	;
7670.9	213.55	340.2	;
7709.3	213.45	338.1	;
7746.6	213.25	336.1	;
7783.9	213.15	334.1	;
7820.7	213.05	332.1	;
7858.8	212.95	330.1	;
7895.3	212.75	328.1	;
7934.4	212.65	326.1	;
7972.3	212.35	324.1	;
8012.6	212.25	322	;
8051.4	212.15	320	;
8090.9	212.05	318	;
8128.9	211.95	316	;
8168.3	211.85	314	;
8209	211.75	312	;
8249.6	211.65	309.9	;
8289.8	211.45	307.9	;
8331.2	211.25	305.9	;
8372	211.05	303.9	;
8411.6	210.85	301.9	;
8450.6	210.65	300	;
8490.8	210.55	298.1	;
8531.1	210.45	296.1	;
8570.4	210.35	294.3	;
8610.6	210.35	292.3	;
8648.9	210.45	290.5	;
8687.4	210.65	288.7	;
8725.9	210.65	286.9	;
8764.7	210.65	285.1	;
8803.1	210.65	283.4	;
8841	210.55	281.6	;
8877.7	210.65	279.9	;
8914.1	210.75	278.3	;
8952.9	210.85	276.6	;
8990.3	210.95	274.9	;
9025.6	210.85	273.3	;
9065	210.85	271.6	;
9102.8	210.85	269.9	;
9140	211.15	268.3	;
9178.3	211.55	266.6	;
9217	211.85	265	;
9254.8	211.95	263.4	;
9294.1	212.05	261.7	;
9334.9	212.25	260	;
9375.6	212.35	258.3	;
9418	212.55	256.5	;
9459.1	212.65	254.9	;
9498.8	212.85	253.2	;
9539.7	212.95	251.6	;
9581.7	212.95	249.9	;
9621.8	212.85	248.3	;
9663.8	212.85	246.6	;
9703.1	213.05	245.1	;
9743.2	213.45	243.5	;
9784.6	213.85	241.9	;
9823.5	213.85	240.4	;
9867.1	213.75	238.7	;
9907.4	213.75	237.2	;
9947.7	213.45	235.7	;
9986.9	213.45	234.2	;
10027	213.55	232.7	;
10067.8	213.65	231.2	;
10108.4	213.55	229.7	;
10148.5	213.55	228.2	;
10188.6	213.45	226.8	;
10229.3	213.35	225.3	;
10269.9	213.35	223.8	;
10309.5	213.45	222.4	;
10349.8	213.35	221	;
10390.3	213.25	219.6	;
10432.2	212.95	218.1	;
10472.5	212.95	216.7	;
10515.4	213.25	215.2	;
10556	213.75	213.8	;
10598.2	213.75	212.4	;
10639.8	213.75	211	;
10682	213.75	209.5	;
10725	213.75	208.1	;
10766.2	213.85	206.7	;
10809.3	213.95	205.3	;
10850.8	214.05	204	;
10893.6	214.15	202.6	;
10935.9	214.35	201.2	;
10976.3	214.55	199.9	;
11018.4	214.55	198.6	;
11059.7	214.55	197.3	;
11101.6	214.65	196	;
11141.8	214.75	194.7	;
11183.1	214.65	193.4	;
11222.1	214.45	192.3	;
11265.2	214.45	190.9	;
11303.4	214.45	189.8	;
11344	214.55	188.6	;
11384.2	214.55	187.3	;
11422.4	214.55	186.2	;
11460.8	214.55	185.1	;
11501.2	214.65	183.9	;
11537.8	214.75	182.8	;
11576.2	214.95	181.7	;
11614	215.05	180.6	;
11653.1	215.05	179.5	;
11690.1	215.05	178.5	;
11728.7	215.05	177.4	;
11767.8	215.05	176.3	;
11808.6	215.05	175.1	;
11848	214.95	174	;
11888.6	214.85	172.9	;
11929.9	214.75	171.8	;
11969	214.55	170.7	;
12010.9	214.55	169.6	;
12052.8	214.55	168.5	;
12094.1	214.55	167.3	;
12135.7	214.45	166.2	;
12177.5	214.45	165.1	;
12221.1	214.55	164	;
12263.7	214.65	162.9	;
12305.1	214.65	161.8	;
12346.6	214.65	160.8	;
12387.8	214.45	159.7	;
12430.1	214.45	158.6	;
12470.5	214.35	157.6	;
12511.8	214.25	156.6	;
12552.4	214.25	155.6	;
12594.6	214.15	154.5	;
12635.9	213.95	153.5	;
12677.7	213.75	152.5	;
12716.2	213.65	151.6	;
12755.8	213.65	150.6	;
12796.5	213.55	149.6	;
12839.7	213.45	148.6	;
12882	213.35	147.6	;
12923.8	213.45	146.6	;
12965.5	213.45	145.6	;
13008.4	213.45	144.6	;
13050.4	213.55	143.7	;
13091.1	213.55	142.7	;
13133.4	213.35	141.8	;
13176.4	213.25	140.8	;
13217.8	213.35	139.9	;
13261.5	213.45	138.9	;
13304.7	213.45	137.9	;
13348.9	213.35	137	;
13390.9	213.05	136	;
13434.3	212.85	135.1	;
13476	212.85	134.2	;
13517.4	213.05	133.3	;
13561.5	213.15	132.4	;
13600.3	213.25	131.5	;
13643.4	213.15	130.6	;
13683.7	213.25	129.8	;
13725.3	213.45	128.9	;
13766.5	213.45	128.1	;
13809.9	213.65	127.2	;
13853.2	213.75	126.3	;
13895.2	213.75	125.5	;
13939.2	213.75	124.6	;
13983.1	213.65	123.7	;
14027.8	213.55	122.8	;
14071.4	213.45	122	;
14118.1	213.45	121.1	;
14161.6	213.55	120.2	;
14206.9	213.55	119.4	;
14252.8	213.55	118.5	;
14299.2	213.45	117.6	;
14345.6	213.45	116.8	;
14390.6	213.35	115.9	;
14435.9	213.35	115.1	;
14482.9	213.15	114.2	;
14526.5	213.15	113.4	;
14573.5	213.15	112.6	;
14618.6	212.85	111.8	;
14661	212.75	111	;
14705.7	212.65	110.2	;
14748.5	212.55	109.5	;
14792.7	212.45	108.7	;
14836	212.45	107.9	;
14878	212.45	107.2	;
14921.4	212.45	106.5	;
14963.1	212.45	105.7	;
15004.6	212.45	105	;
15046.2	212.35	104.3	;
15086.1	212.25	103.7	;
15129.9	212.15	102.9	;
15171.3	211.95	102.3	;
15210.9	211.85	101.6	;
15251.7	211.85	100.9	;
15291.6	211.85	100.3	;
15333.1	211.85	99.6	;
15376.2	211.85	98.9	;
15419.9	211.75	98.2	;
15464.6	211.55	97.5	;
15508.7	211.55	96.8	;
15552.2	211.55	96.2	;
15595.7	211.55	95.5	;
15642	211.35	94.8	;
15688.2	211.15	94.1	;
15732.7	211.05	93.4	;
15779.8	211.05	92.7	;
15826.9	211.05	92	;
15873.7	210.95	91.3	;
15918.6	211.15	90.6	;
15963.5	211.05	90	;
16007.8	210.95	89.3	;
16053.4	210.85	88.7	;
16096.6	210.85	88.1	;
16139	210.85	87.5	;
16182.5	210.75	86.8	;
16222.8	210.85	86.3	;
16264.8	211.05	85.7	;
16306.5	211.25	85.1	;
16350.1	211.25	84.5	;
16393.7	211.55	83.9	;
16438.1	211.75	83.3	;
16481.1	211.65	82.7	;
