function [copol_ap, range] = mpace_copol_ap_20040928;
%[copol_ap, range] = mpace_copol_ap_20040928;
% This correction is a data measured with the a cloth draped over the vertical viewport.
% This is an averaged smoothed profile of the background-subtracted
% afterpulse from green_lidar.ap.20040928.112111.nc
% It was smoothed as: 
% copol_ap = smooth(lidar_ap.range, mean(lidar_ap.copol')','lowess');
%

ap = [         0    0.0000
    0.0300    0.0000
    0.0600    0.0000
    0.0900    0.0000
    0.1200    0.0000
    0.1500    0.0000
    0.1800    0.0000
    0.2100    0.0000
    0.2400    0.0000
    0.2700    0.0001
    0.3000    0.0001
    0.3300    0.0001
    0.3600    0.0001
    0.3900    0.0001
    0.4200    0.0001
    0.4500    0.0001
    0.4800    0.0001
    0.5100    0.0001
    0.5400    0.0001
    0.5700    0.0002
    0.6000    0.0002
    0.6300    0.0002
    0.6600    0.0002
    0.6900    0.0002
    0.7200    0.0002
    0.7500    0.0002
    0.7800    0.0002
    0.8100    0.0003
    0.8400    0.0003
    0.8700    0.0003
    0.9000    0.0003
    0.9300    0.0003
    0.9600    0.0003
    0.9900    0.0003
    1.0200    0.0003
    1.0500    0.0003
    1.0800    0.0004
    1.1100    0.0004
    1.1400    0.0004
    1.1700    0.0004
    1.2000    0.0004
    1.2300    0.0004
    1.2600    0.0004
    1.2900    0.0005
    1.3200    0.0004
    1.3500    0.0004
    1.3800    0.0004
    1.4100    0.0005
    1.4400    0.0005
    1.4700    0.0005
    1.5000    0.0006
    1.5300    0.0006
    1.5600    0.0005
    1.5900    0.0004
    1.6200    0.0005
    1.6500    0.0006
    1.6800    0.0007
    1.7100    0.0006
    1.7400    0.0006
    1.7700    0.0007
    1.8000    0.0007
    1.8300    0.0006
    1.8600    0.0006
    1.8900    0.0007
    1.9200    0.0007
    1.9500    0.0007
    1.9800    0.0007
    2.0100    0.0007
    2.0400    0.0007
    2.0700    0.0008
    2.1000    0.0009
    2.1300    0.0009
    2.1600    0.0009
    2.1900    0.0009
    2.2200    0.0010
    2.2500    0.0009
    2.2800    0.0008
    2.3100    0.0008
    2.3400    0.0008
    2.3700    0.0008
    2.4000    0.0008
    2.4300    0.0008
    2.4600    0.0009
    2.4900    0.0010
    2.5200    0.0011
    2.5500    0.0010
    2.5800    0.0010
    2.6100    0.0011
    2.6400    0.0012
    2.6700    0.0012
    2.7000    0.0011
    2.7300    0.0010
    2.7600    0.0009
    2.7900    0.0011
    2.8200    0.0012
    2.8500    0.0012
    2.8800    0.0012
    2.9100    0.0011
    2.9400    0.0011
    2.9700    0.0010
    3.0000    0.0012
    3.0300    0.0011
    3.0600    0.0010
    3.0900    0.0010
    3.1200    0.0011
    3.1500    0.0009
    3.1800    0.0009
    3.2100    0.0012
    3.2400    0.0013
    3.2700    0.0011
    3.3000    0.0010
    3.3300    0.0010
    3.3600    0.0011
    3.3900    0.0012
    3.4200    0.0013
    3.4500    0.0013
    3.4800    0.0014
    3.5100    0.0013
    3.5400    0.0013
    3.5700    0.0014
    3.6000    0.0015
    3.6300    0.0015
    3.6600    0.0015
    3.6900    0.0015
    3.7200    0.0015
    3.7500    0.0019
    3.7800    0.0020
    3.8100    0.0018
    3.8400    0.0017
    3.8700    0.0018
    3.9000    0.0016
    3.9300    0.0019
    3.9600    0.0024
    3.9900    0.0023
    4.0200    0.0017
    4.0500    0.0012
    4.0800    0.0015
    4.1100    0.0020
    4.1400    0.0022
    4.1700    0.0018
    4.2000    0.0017
    4.2300    0.0021
    4.2600    0.0021
    4.2900    0.0016
    4.3200    0.0012
    4.3500    0.0016
    4.3800    0.0022
    4.4100    0.0021
    4.4400    0.0015
    4.4700    0.0013
    4.5000    0.0018
    4.5300    0.0022
    4.5600    0.0021
    4.5900    0.0021
    4.6200    0.0020
    4.6500    0.0022
    4.6800    0.0019
    4.7100    0.0017
    4.7400    0.0014
    4.7700    0.0012
    4.8000    0.0007
    4.8300    0.0012
    4.8600    0.0019
    4.8900    0.0016
    4.9200    0.0014
    4.9500    0.0021
    4.9800    0.0027
    5.0100    0.0022
    5.0400    0.0019
    5.0700    0.0023
    5.1000    0.0024
    5.1300    0.0016
    5.1600    0.0017
    5.1900    0.0026
    5.2200    0.0029
    5.2500    0.0020
    5.2800    0.0013
    5.3100    0.0014
    5.3400    0.0016
    5.3700    0.0017
    5.4000    0.0016
    5.4300    0.0020
    5.4600    0.0018
    5.4900    0.0015
    5.5200    0.0017
    5.5500    0.0027
    5.5800    0.0030
    5.6100    0.0027
    5.6400    0.0025
    5.6700    0.0017
    5.7000    0.0012
    5.7300    0.0014
    5.7600    0.0026
    5.7900    0.0029
    5.8200    0.0022
    5.8500    0.0015
    5.8800    0.0021
    5.9100    0.0026
    5.9400    0.0029
    5.9700    0.0035
    6.0000    0.0037
    6.0300    0.0027
    6.0600    0.0026
    6.0900    0.0032
    6.1200    0.0035
    6.1500    0.0025
    6.1800    0.0015
    6.2100    0.0013
    6.2400    0.0021
    6.2700    0.0027
    6.3000    0.0035
    6.3300    0.0037
    6.3600    0.0029
    6.3900    0.0019
    6.4200    0.0014
    6.4500    0.0009
    6.4800    0.0007
    6.5100    0.0013
    6.5400    0.0021
    6.5700    0.0019
    6.6000    0.0028
    6.6300    0.0035
    6.6600    0.0037
    6.6900    0.0029
    6.7200    0.0021
    6.7500    0.0017
    6.7800    0.0013
    6.8100    0.0009
    6.8400    0.0015
    6.8700    0.0024
    6.9000    0.0018
    6.9300    0.0007
    6.9600    0.0010
    6.9900    0.0017
    7.0200    0.0019
    7.0500    0.0017
    7.0800    0.0018
    7.1100    0.0028
    7.1400    0.0030
    7.1700    0.0018
    7.2000    0.0008
    7.2300    0.0015
    7.2600    0.0028
    7.2900    0.0034
    7.3200    0.0036
    7.3500    0.0045
    7.3800    0.0050
    7.4100    0.0049
    7.4400    0.0038
    7.4700    0.0029
    7.5000    0.0024
    7.5300    0.0021
    7.5600    0.0023
    7.5900    0.0024
    7.6200    0.0034
    7.6500    0.0035
    7.6800    0.0035
    7.7100    0.0022
    7.7400    0.0036
    7.7700    0.0052
    7.8000    0.0061
    7.8300    0.0057
    7.8600    0.0042
    7.8900    0.0025
    7.9200    0.0033
    7.9500    0.0045
    7.9800    0.0040
    8.0100    0.0047
    8.0400    0.0053
    8.0700    0.0049
    8.1000    0.0037
    8.1300    0.0036
    8.1600    0.0033
    8.1900    0.0023
    8.2200    0.0011
    8.2500    0.0002
    8.2800    0.0004
    8.3100    0.0025
    8.3400    0.0052
    8.3700    0.0043
    8.4000    0.0023
    8.4300    0.0007
    8.4600    0.0020
    8.4900    0.0034
    8.5200    0.0044
    8.5500    0.0027
    8.5800    0.0030
    8.6100    0.0024
    8.6400    0.0021
    8.6700    0.0006
    8.7000    0.0019
    8.7300    0.0022
    8.7600    0.0039
    8.7900    0.0052
    8.8200    0.0067
    8.8500    0.0069
    8.8800    0.0065
    8.9100    0.0058
    8.9400    0.0041
    8.9700    0.0029
    9.0000    0.0040
    9.0300    0.0042
    9.0600    0.0038
    9.0900    0.0038
    9.1200    0.0046
    9.1500    0.0037
    9.1800    0.0025
    9.2100    0.0019
    9.2400    0.0021
    9.2700    0.0025
    9.3000    0.0027
    9.3300    0.0025
    9.3600    0.0036
    9.3900    0.0043
    9.4200    0.0060
    9.4500    0.0066
    9.4800    0.0062
    9.5100    0.0034
    9.5400    0.0039
    9.5700    0.0050
    9.6000    0.0053
    9.6300    0.0042
    9.6600    0.0034
    9.6900    0.0019
    9.7200    0.0013
    9.7500    0.0024
    9.7800    0.0039
    9.8100    0.0032
    9.8400    0.0022
    9.8700    0.0019
    9.9000    0.0024
    9.9300    0.0031
    9.9600    0.0038
    9.9900    0.0053
   10.0200    0.0030
   10.0500    0.0017
   10.0800    0.0018
   10.1100    0.0027
   10.1400    0.0030
   10.1700    0.0042
   10.2000    0.0050
   10.2300    0.0035
   10.2600    0.0037
   10.2900    0.0043
   10.3200    0.0044
   10.3500    0.0035
   10.3800    0.0039
   10.4100    0.0046
   10.4400    0.0055
   10.4700    0.0052
   10.5000    0.0044
   10.5300    0.0037
   10.5600    0.0029
   10.5900    0.0038
   10.6200    0.0063
   10.6500    0.0081
   10.6800    0.0085
   10.7100    0.0054
   10.7400    0.0025
   10.7700    0.0025
   10.8000    0.0040
