function map = aqua_calipso;
map = [  0    0.1647    0.6667
         0    0.1647    0.6667
         0    0.4980    1.0000
         0    0.6667    1.0000
         0    0.8314    1.0000
         0    1.0000    1.0000
         0    1.0000    0.8314
         0    1.0000    0.6667
         0    0.4980    0.4980
         0    0.6667    0.3333
    1.0000    1.0000         0
    1.0000    1.0000         0
    1.0000    0.8314         0
    1.0000    0.6667         0
    1.0000    0.4980         0
    1.0000    0.3333         0
    1.0000         0         0
    1.0000    0.1647    0.3333
    1.0000    0.3333    0.4980
    1.0000    0.4980    0.6667
    0.2745    0.2745    0.2745
    0.3922    0.3922    0.3922
    0.5098    0.5098    0.5098
    0.6078    0.6078    0.6078
    0.7059    0.7059    0.7059
    0.7843    0.7843    0.7843
    0.8824    0.8824    0.8824
    0.9216    0.9216    0.9216
    0.9412    0.9412    0.9412
    0.9490    0.9490    0.9490
    0.9608    0.9608    0.9608
    0.9765    0.9765    0.9765
    0.9922    0.9922    0.9922
    1.0000    1.0000    1.0000
    1.0000    1.0000    1.0000];