function map = comp_map;
%Intending to use this map for composite backscatter/dpr map.  
map = [         0         0         0
         0         0    1.0000
         0    0.0106    1.0000
         0    0.0213    1.0000
         0    0.0319    1.0000
         0    0.0426    1.0000
         0    0.0532    1.0000
         0    0.0638    1.0000
         0    0.0745    1.0000
         0    0.0851    1.0000
         0    0.0957    1.0000
         0    0.1064    1.0000
         0    0.1170    1.0000
         0    0.1277    1.0000
         0    0.1383    1.0000
         0    0.1489    1.0000
         0    0.1596    1.0000
         0    0.1702    1.0000
         0    0.1809    1.0000
         0    0.1915    1.0000
         0    0.2021    1.0000
         0    0.2128    1.0000
         0    0.2234    1.0000
         0    0.2340    1.0000
         0    0.2447    1.0000
         0    0.2553    1.0000
         0    0.2660    1.0000
         0    0.2766    1.0000
         0    0.2872    1.0000
         0    0.2979    1.0000
         0    0.3085    1.0000
         0    0.3191    1.0000
         0    0.3298    1.0000
         0    0.3404    1.0000
         0    0.3511    1.0000
         0    0.3617    1.0000
         0    0.3723    1.0000
         0    0.3830    1.0000
         0    0.3936    1.0000
         0    0.4043    1.0000
         0    0.4149    1.0000
         0    0.4255    1.0000
         0    0.4362    1.0000
         0    0.4468    1.0000
         0    0.4574    1.0000
         0    0.4681    1.0000
         0    0.4787    1.0000
         0    0.4894    1.0000
         0    0.5000    1.0000
         0    0.5106    1.0000
         0    0.5213    1.0000
         0    0.5319    1.0000
         0    0.5426    1.0000
         0    0.5532    1.0000
         0    0.5638    1.0000
         0    0.5745    1.0000
         0    0.5851    1.0000
         0    0.5957    1.0000
         0    0.6064    1.0000
         0    0.6170    1.0000
         0    0.6277    1.0000
         0    0.6383    1.0000
         0    0.6489    1.0000
         0    0.6596    1.0000
         0    0.6702    1.0000
         0    0.6809    1.0000
         0    0.6915    1.0000
         0    0.7021    1.0000
         0    0.7128    1.0000
         0    0.7234    1.0000
         0    0.7340    1.0000
         0    0.7447    1.0000
         0    0.7553    1.0000
         0    0.7660    1.0000
         0    0.7766    1.0000
         0    0.7872    1.0000
         0    0.7979    1.0000
         0    0.8085    1.0000
         0    0.8191    1.0000
         0    0.8298    1.0000
         0    0.8404    1.0000
         0    0.8511    1.0000
         0    0.8617    1.0000
         0    0.8723    1.0000
         0    0.8830    1.0000
         0    0.8936    1.0000
         0    0.9043    1.0000
         0    0.9149    1.0000
         0    0.9255    1.0000
         0    0.9362    1.0000
         0    0.9468    1.0000
         0    0.9574    1.0000
         0    0.9681    1.0000
         0    0.9787    1.0000
         0    0.9894    1.0000
         0    1.0000    1.0000
    0.0156    1.0000    0.9844
    0.0313    1.0000    0.9688
    0.0469    1.0000    0.9531
    0.0625    1.0000    0.9375
    0.0781    1.0000    0.9219
    0.0938    1.0000    0.9063
    0.1094    1.0000    0.8906
    0.1250    1.0000    0.8750
    0.1406    1.0000    0.8594
    0.1563    1.0000    0.8438
    0.1719    1.0000    0.8281
    0.1875    1.0000    0.8125
    0.2031    1.0000    0.7969
    0.2188    1.0000    0.7813
    0.2344    1.0000    0.7656
    0.2500    1.0000    0.7500
    0.2656    1.0000    0.7344
    0.2813    1.0000    0.7188
    0.2969    1.0000    0.7031
    0.3125    1.0000    0.6875
    0.3281    1.0000    0.6719
    0.3438    1.0000    0.6563
    0.3594    1.0000    0.6406
    0.3750    1.0000    0.6250
    0.3906    1.0000    0.6094
    0.4063    1.0000    0.5938
    0.4219    1.0000    0.5781
    0.4375    1.0000    0.5625
    0.4531    1.0000    0.5469
    0.4688    1.0000    0.5313
    0.4844    1.0000    0.5156
    0.5000    1.0000    0.5000
    0.5156    1.0000    0.4844
    0.5313    1.0000    0.4688
    0.5469    1.0000    0.4531
    0.5625    1.0000    0.4375
    0.5781    1.0000    0.4219
    0.5938    1.0000    0.4063
    0.6094    1.0000    0.3906
    0.6250    1.0000    0.3750
    0.6406    1.0000    0.3594
    0.6563    1.0000    0.3438
    0.6719    1.0000    0.3281
    0.6875    1.0000    0.3125
    0.7031    1.0000    0.2969
    0.7188    1.0000    0.2813
    0.7344    1.0000    0.2656
    0.7500    1.0000    0.2500
    0.7656    1.0000    0.2344
    0.7813    1.0000    0.2188
    0.7969    1.0000    0.2031
    0.8125    1.0000    0.1875
    0.8281    1.0000    0.1719
    0.8438    1.0000    0.1563
    0.8594    1.0000    0.1406
    0.8750    1.0000    0.1250
    0.8906    1.0000    0.1094
    0.9063    1.0000    0.0938
    0.9219    1.0000    0.0781
    0.9375    1.0000    0.0625
    0.9531    1.0000    0.0469
    0.9688    1.0000    0.0313
    0.9844    1.0000    0.0156
    1.0000    1.0000         0
    1.0000    0.9839         0
    1.0000    0.9677         0
    1.0000    0.9516         0
    1.0000    0.9355         0
    1.0000    0.9194         0
    1.0000    0.9032         0
    1.0000    0.8871         0
    1.0000    0.8710         0
    1.0000    0.8548         0
    1.0000    0.8387         0
    1.0000    0.8226         0
    1.0000    0.8065         0
    1.0000    0.7903         0
    1.0000    0.7742         0
    1.0000    0.7581         0
    1.0000    0.7419         0
    1.0000    0.7258         0
    1.0000    0.7097         0
    1.0000    0.6935         0
    1.0000    0.6774         0
    1.0000    0.6613         0
    1.0000    0.6452         0
    1.0000    0.6290         0
    1.0000    0.6129         0
    1.0000    0.5968         0
    1.0000    0.5806         0
    1.0000    0.5645         0
    1.0000    0.5484         0
    1.0000    0.5323         0
    1.0000    0.5161         0
    1.0000    0.5000         0
    1.0000    0.4839         0
    1.0000    0.4677         0
    1.0000    0.4516         0
    1.0000    0.4355         0
    1.0000    0.4194         0
    1.0000    0.4032         0
    1.0000    0.3871         0
    1.0000    0.3710         0
    1.0000    0.3548         0
    1.0000    0.3387         0
    1.0000    0.3226         0
    1.0000    0.3065         0
    1.0000    0.2903         0
    1.0000    0.2742         0
    1.0000    0.2581         0
    1.0000    0.2419         0
    1.0000    0.2258         0
    1.0000    0.2097         0
    1.0000    0.1935         0
    1.0000    0.1774         0
    1.0000    0.1613         0
    1.0000    0.1452         0
    1.0000    0.1290         0
    1.0000    0.1129         0
    1.0000    0.0968         0
    1.0000    0.0806         0
    1.0000    0.0645         0
    1.0000    0.0484         0
    1.0000    0.0323         0
    1.0000    0.0161         0
    1.0000         0         0
    1.0000    0.0333    0.0333
    1.0000    0.0667    0.0667
    1.0000    0.1000    0.1000
    1.0000    0.1333    0.1333
    1.0000    0.1667    0.1667
    1.0000    0.2000    0.2000
    1.0000    0.2333    0.2333
    1.0000    0.2667    0.2667
    1.0000    0.3000    0.3000
    1.0000    0.3333    0.3333
    1.0000    0.3667    0.3667
    1.0000    0.4000    0.4000
    1.0000    0.4333    0.4333
    1.0000    0.4667    0.4667
    1.0000    0.5000    0.5000
    1.0000    0.5333    0.5333
    1.0000    0.5667    0.5667
    1.0000    0.6000    0.6000
    1.0000    0.6333    0.6333
    1.0000    0.6667    0.6667
    1.0000    0.7000    0.7000
    1.0000    0.7333    0.7333
    1.0000    0.7667    0.7667
    1.0000    0.8000    0.8000
    1.0000    0.8333    0.8333
    1.0000    0.8667    0.8667
    1.0000    0.9000    0.9000
    1.0000    0.9333    0.9333
    1.0000    0.9667    0.9667
    1.0000    1.0000    1.0000
    1.0000    1.0000    1.0000
    1.0000    1.0000    1.0000
