function map = comp_map3;
%Intending to use this map for composite backscatter/dpr map.  
map = [0         0         0
    1.0000    1.0000    1.0000
    0.9524    0.9524    1.0000
    0.9048    0.9048    1.0000
    0.8571    0.8571    1.0000
    0.8095    0.8095    1.0000
    0.7619    0.7619    1.0000
    0.7143    0.7143    1.0000
    0.6667    0.6667    1.0000
    0.6190    0.6190    1.0000
    0.5714    0.5714    1.0000
    0.5238    0.5238    1.0000
    0.4762    0.4762    1.0000
    0.4286    0.4286    1.0000
    0.3810    0.3810    1.0000
    0.3333    0.3333    1.0000
    0.2857    0.2857    1.0000
    0.2381    0.2381    1.0000
    0.1905    0.1905    1.0000
    0.1429    0.1429    1.0000
    0.0952    0.0952    1.0000
    0.0476    0.0476    1.0000
         0         0    1.0000
         0    0.0238    1.0000
         0    0.0476    1.0000
         0    0.0714    1.0000
         0    0.0952    1.0000
         0    0.1190    1.0000
         0    0.1429    1.0000
         0    0.1667    1.0000
         0    0.1905    1.0000
         0    0.2143    1.0000
         0    0.2381    1.0000
         0    0.2619    1.0000
         0    0.2857    1.0000
         0    0.3095    1.0000
         0    0.3333    1.0000
         0    0.3571    1.0000
         0    0.3810    1.0000
         0    0.4048    1.0000
         0    0.4286    1.0000
         0    0.4524    1.0000
         0    0.4762    1.0000
         0    0.5000    1.0000
         0    0.5238    1.0000
         0    0.5476    1.0000
         0    0.5714    1.0000
         0    0.5952    1.0000
         0    0.6190    1.0000
         0    0.6429    1.0000
         0    0.6667    1.0000
         0    0.6905    1.0000
         0    0.7143    1.0000
         0    0.7381    1.0000
         0    0.7619    1.0000
         0    0.7857    1.0000
         0    0.8095    1.0000
         0    0.8333    1.0000
         0    0.8571    1.0000
         0    0.8810    1.0000
         0    0.9048    1.0000
         0    0.9286    1.0000
         0    0.9524    1.0000
         0    0.9762    1.0000
         0    1.0000    1.0000
    0.0202    1.0000    0.9798
    0.0404    1.0000    0.9596
    0.0606    1.0000    0.9395
    0.0807    1.0000    0.9193
    0.1009    1.0000    0.8991
    0.1211    1.0000    0.8789
    0.1413    1.0000    0.8587
    0.1615    1.0000    0.8385
    0.1816    1.0000    0.8184
    0.2018    1.0000    0.7982
    0.2220    1.0000    0.7780
    0.2422    1.0000    0.7578
    0.2624    1.0000    0.7376
    0.2826    1.0000    0.7174
    0.3027    1.0000    0.6973
    0.3229    1.0000    0.6771
    0.3431    1.0000    0.6569
    0.3633    1.0000    0.6367
    0.3835    1.0000    0.6165
    0.4037    1.0000    0.5963
    0.4238    1.0000    0.5762
    0.4440    1.0000    0.5560
    0.4642    1.0000    0.5358
    0.4844    1.0000    0.5156
    0.4572    1.0000    0.4845
    0.4300    1.0000    0.4534
    0.4028    1.0000    0.4223
    0.3755    1.0000    0.3911
    0.3483    1.0000    0.3600
    0.3211    1.0000    0.3289
    0.2939    1.0000    0.2978
    0.2667    1.0000    0.2667
    0.3022    1.0000    0.2978
    0.3378    1.0000    0.3289
    0.3734    1.0000    0.3600
    0.4089    1.0000    0.3911
    0.4445    1.0000    0.4222
    0.4801    1.0000    0.4533
    0.5156    1.0000    0.4844
    0.5350    1.0000    0.4650
    0.5544    1.0000    0.4456
    0.5738    1.0000    0.4263
    0.5931    1.0000    0.4069
    0.6125    1.0000    0.3875
    0.6319    1.0000    0.3681
    0.6513    1.0000    0.3487
    0.6706    1.0000    0.3294
    0.6900    1.0000    0.3100
    0.7094    1.0000    0.2906
    0.7287    1.0000    0.2713
    0.7481    1.0000    0.2519
    0.7675    1.0000    0.2325
    0.7869    1.0000    0.2131
    0.8062    1.0000    0.1937
    0.8256    1.0000    0.1744
    0.8450    1.0000    0.1550
    0.8644    1.0000    0.1356
    0.8838    1.0000    0.1163
    0.9031    1.0000    0.0969
    0.9225    1.0000    0.0775
    0.9419    1.0000    0.0581
    0.9613    1.0000    0.0388
    0.9806    1.0000    0.0194
    1.0000    1.0000         0
    1.0000    0.9767         0
    1.0000    0.9535         0
    1.0000    0.9302         0
    1.0000    0.9070         0
    1.0000    0.8837         0
    1.0000    0.8605         0
    1.0000    0.8372         0
    1.0000    0.8140         0
    1.0000    0.7907         0
    1.0000    0.7674         0
    1.0000    0.7442         0
    1.0000    0.7209         0
    1.0000    0.6977         0
    1.0000    0.6744         0
    1.0000    0.6512         0
    1.0000    0.6279         0
    1.0000    0.6047         0
    1.0000    0.5814         0
    1.0000    0.5581         0
    1.0000    0.5349         0
    1.0000    0.5116         0
    1.0000    0.4884         0
    1.0000    0.4651         0
    1.0000    0.4419         0
    1.0000    0.4186         0
    1.0000    0.3953         0
    1.0000    0.3721         0
    1.0000    0.3488         0
    1.0000    0.3256         0
    1.0000    0.3023         0
    1.0000    0.2791         0
    1.0000    0.2558         0
    1.0000    0.2326         0
    1.0000    0.2093         0
    1.0000    0.1860         0
    1.0000    0.1628         0
    1.0000    0.1395         0
    1.0000    0.1163         0
    1.0000    0.0930         0
    1.0000    0.0698         0
    1.0000    0.0465         0
    1.0000    0.0233         0
    1.0000         0         0
    1.0000         0    0.0476
    1.0000         0    0.0952
    1.0000         0    0.1429
    1.0000         0    0.1905
    1.0000         0    0.2381
    1.0000         0    0.2857
    1.0000         0    0.3333
    1.0000         0    0.3810
    1.0000         0    0.4286
    1.0000         0    0.4762
    1.0000         0    0.5238
    1.0000         0    0.5714
    1.0000         0    0.6190
    1.0000         0    0.6667
    1.0000         0    0.7143
    1.0000         0    0.7619
    1.0000         0    0.8095
    1.0000         0    0.8571
    1.0000         0    0.9048
    1.0000         0    0.9524
    1.0000         0    1.0000];