function map = comp_map;
%Intending to use this map for composite backscatter/dpr map.  
map = [1.0000    1.0000    1.0000
    0.9565    0.9565    1.0000
    0.9130    0.9130    1.0000
    0.8696    0.8696    1.0000
    0.8261    0.8261    1.0000
    0.7826    0.7826    1.0000
    0.7391    0.7391    1.0000
    0.6957    0.6957    1.0000
    0.6522    0.6522    1.0000
    0.6087    0.6087    1.0000
    0.5652    0.5652    1.0000
    0.5217    0.5217    1.0000
    0.4783    0.4783    1.0000
    0.4348    0.4348    1.0000
    0.3913    0.3913    1.0000
    0.3478    0.3478    1.0000
    0.3043    0.3043    1.0000
    0.2609    0.2609    1.0000
    0.2174    0.2174    1.0000
    0.1739    0.1739    1.0000
    0.1304    0.1304    1.0000
    0.0870    0.0870    1.0000
    0.0435    0.0435    1.0000
         0         0    1.0000
         0    0.0204    1.0000
         0    0.0408    1.0000
         0    0.0612    1.0000
         0    0.0816    1.0000
         0    0.1020    1.0000
         0    0.1224    1.0000
         0    0.1429    1.0000
         0    0.1633    1.0000
         0    0.1837    1.0000
         0    0.2041    1.0000
         0    0.2245    1.0000
         0    0.2449    1.0000
         0    0.2653    1.0000
         0    0.2857    1.0000
         0    0.3061    1.0000
         0    0.3265    1.0000
         0    0.3469    1.0000
         0    0.3673    1.0000
         0    0.3878    1.0000
         0    0.4082    1.0000
         0    0.4286    1.0000
         0    0.4490    1.0000
         0    0.4694    1.0000
         0    0.4898    1.0000
         0    0.5102    1.0000
         0    0.5306    1.0000
         0    0.5510    1.0000
         0    0.5714    1.0000
         0    0.5918    1.0000
         0    0.6122    1.0000
         0    0.6327    1.0000
         0    0.6531    1.0000
         0    0.6735    1.0000
         0    0.6939    1.0000
         0    0.7143    1.0000
         0    0.7347    1.0000
         0    0.7551    1.0000
         0    0.7755    1.0000
         0    0.7959    1.0000
         0    0.8163    1.0000
         0    0.8367    1.0000
         0    0.8571    1.0000
         0    0.8776    1.0000
         0    0.8980    1.0000
         0    0.9184    1.0000
         0    0.9388    1.0000
         0    0.9592    1.0000
         0    0.9796    1.0000
         0    1.0000    1.0000
    0.0204    1.0000    0.9796
    0.0408    1.0000    0.9592
    0.0612    1.0000    0.9388
    0.0816    1.0000    0.9184
    0.1020    1.0000    0.8980
    0.1224    1.0000    0.8776
    0.1429    1.0000    0.8571
    0.1633    1.0000    0.8367
    0.1837    1.0000    0.8163
    0.2041    1.0000    0.7959
    0.2245    1.0000    0.7755
    0.2449    1.0000    0.7551
    0.2653    1.0000    0.7347
    0.2857    1.0000    0.7143
    0.3061    1.0000    0.6939
    0.3265    1.0000    0.6735
    0.3469    1.0000    0.6531
    0.3673    1.0000    0.6327
    0.3878    1.0000    0.6122
    0.4082    1.0000    0.5918
    0.4286    1.0000    0.5714
    0.4490    1.0000    0.5510
    0.4694    1.0000    0.5306
    0.4898    1.0000    0.5102
    0.5102    1.0000    0.4898
    0.5306    1.0000    0.4694
    0.5510    1.0000    0.4490
    0.5714    1.0000    0.4286
    0.5918    1.0000    0.4082
    0.6122    1.0000    0.3878
    0.6327    1.0000    0.3673
    0.6531    1.0000    0.3469
    0.6735    1.0000    0.3265
    0.6939    1.0000    0.3061
    0.7143    1.0000    0.2857
    0.7347    1.0000    0.2653
    0.7551    1.0000    0.2449
    0.7755    1.0000    0.2245
    0.7959    1.0000    0.2041
    0.8163    1.0000    0.1837
    0.8367    1.0000    0.1633
    0.8571    1.0000    0.1429
    0.8776    1.0000    0.1224
    0.8980    1.0000    0.1020
    0.9184    1.0000    0.0816
    0.9388    1.0000    0.0612
    0.9592    1.0000    0.0408
    0.9796    1.0000    0.0204
    1.0000    1.0000         0
    1.0000    0.9796         0
    1.0000    0.9592         0
    1.0000    0.9388         0
    1.0000    0.9184         0
    1.0000    0.8980         0
    1.0000    0.8776         0
    1.0000    0.8571         0
    1.0000    0.8367         0
    1.0000    0.8163         0
    1.0000    0.7959         0
    1.0000    0.7755         0
    1.0000    0.7551         0
    1.0000    0.7347         0
    1.0000    0.7143         0
    1.0000    0.6939         0
    1.0000    0.6735         0
    1.0000    0.6531         0
    1.0000    0.6327         0
    1.0000    0.6122         0
    1.0000    0.5918         0
    1.0000    0.5714         0
    1.0000    0.5510         0
    1.0000    0.5306         0
    1.0000    0.5102         0
    1.0000    0.4898         0
    1.0000    0.4694         0
    1.0000    0.4490         0
    1.0000    0.4286         0
    1.0000    0.4082         0
    1.0000    0.3878         0
    1.0000    0.3673         0
    1.0000    0.3469         0
    1.0000    0.3265         0
    1.0000    0.3061         0
    1.0000    0.2857         0
    1.0000    0.2653         0
    1.0000    0.2449         0
    1.0000    0.2245         0
    1.0000    0.2041         0
    1.0000    0.1837         0
    1.0000    0.1633         0
    1.0000    0.1429         0
    1.0000    0.1224         0
    1.0000    0.1020         0
    1.0000    0.0816         0
    1.0000    0.0612         0
    1.0000    0.0408         0
    1.0000    0.0204         0
    1.0000         0         0
    0.9796         0         0
    0.9592         0         0
    0.9388         0         0
    0.9184         0         0
    0.8980         0         0
    0.8776         0         0
    0.8571         0         0
    0.8367         0         0
    0.8163         0         0
    0.7959         0         0
    0.7755         0         0
    0.7551         0         0
    0.7347         0         0
    0.7143         0         0
    0.6939         0         0
    0.6735         0         0
    0.6531         0         0
    0.6327         0         0
    0.6122         0         0
    0.5918         0         0
    0.5714         0         0
    0.5510         0         0];