function map = idl_rainbow

%map = loadinto('idl_rainbow.mat');
map = [1.0000    1.0000    1.0000
    0.0667         0    0.0549
    0.0902         0    0.0784
    0.1059         0    0.0902
    0.1176         0    0.1059
    0.1412         0    0.1294
    0.1569         0    0.1490
    0.1686         0    0.1608
    0.1961         0    0.1882
    0.2275         0    0.2314
    0.2353         0    0.2392
    0.2471         0    0.2627
    0.2667         0    0.2863
    0.2706         0    0.3020
    0.2784         0    0.3137
    0.2902         0    0.3373
    0.3020         0    0.3569
    0.3059         0    0.3647
    0.3137         0    0.3882
    0.3216         0    0.4078
    0.3216         0    0.4157
    0.3294         0    0.4510
    0.3373         0    0.4784
    0.3412         0    0.4980
    0.3451         0    0.5098
    0.3412         0    0.5294
    0.3412         0    0.5529
    0.3412         0    0.5608
    0.3412         0    0.5804
    0.3333         0    0.6000
    0.3333         0    0.6118
    0.3294         0    0.6314
    0.3294         0    0.6549
    0.3098         0    0.6941
    0.3098         0    0.7020
    0.3020         0    0.7255
    0.2980         0    0.7451
    0.2902         0    0.7529
    0.2745         0    0.7765
    0.2667         0    0.7961
    0.2588         0    0.8196
    0.2471         0    0.8275
    0.2314         0    0.8510
    0.2157         0    0.8706
    0.2039         0    0.8863
    0.1725         0    0.9176
    0.1608         0    0.9412
    0.1529         0    0.9490
    0.1373         0    0.9686
    0.1098         0    0.9922
    0.0824         0    1.0000
    0.0745         0    1.0000
    0.0549         0    1.0000
    0.0235         0    1.0000
    0.0118         0    1.0000
         0    0.0078    1.0000
         0    0.0471    1.0000
         0    0.0667    1.0000
         0    0.0863    1.0000
         0    0.1059    1.0000
         0    0.1412    1.0000
         0    0.1529    1.0000
         0    0.1725    1.0000
         0    0.1922    1.0000
         0    0.2000    1.0000
         0    0.2275    1.0000
         0    0.2549    1.0000
         0    0.2627    1.0000
         0    0.2941    1.0000
         0    0.3373    1.0000
         0    0.3608    1.0000
         0    0.3647    1.0000
         0    0.3922    1.0000
         0    0.4235    1.0000
         0    0.4314    1.0000
         0    0.4510    1.0000
         0    0.4824    1.0000
         0    0.4980    1.0000
         0    0.5137    1.0000
         0    0.5373    1.0000
         0    0.5765    1.0000
         0    0.5961    1.0000
         0    0.6196    1.0000
         0    0.6392    1.0000
         0    0.6471    1.0000
         0    0.6824    1.0000
         0    0.7020    1.0000
         0    0.7137    1.0000
         0    0.7294    1.0000
         0    0.7686    1.0000
         0    0.7882    1.0000
         0    0.7961    1.0000
         0    0.8431    1.0000
         0    0.8706    1.0000
         0    0.8824    1.0000
         0    0.8941    1.0000
         0    0.9216    1.0000
         0    0.9490    1.0000
         0    0.9608    1.0000
         0    0.9804    1.0000
         0    1.0000    0.9882
         0    1.0000    0.9647
         0    1.0000    0.9529
         0    1.0000    0.9216
         0    1.0000    0.8824
         0    1.0000    0.8667
         0    1.0000    0.8471
         0    1.0000    0.8314
         0    1.0000    0.8118
         0    1.0000    0.7843
         0    1.0000    0.7608
         0    1.0000    0.7490
         0    1.0000    0.7373
         0    1.0000    0.6980
         0    1.0000    0.6824
         0    1.0000    0.6745
         0    1.0000    0.6235
         0    1.0000    0.5961
         0    1.0000    0.5882
         0    1.0000    0.5686
         0    1.0000    0.5294
         0    1.0000    0.5137
         0    1.0000    0.5059
         0    1.0000    0.4824
         0    1.0000    0.4471
         0    1.0000    0.4392
         0    1.0000    0.4196
         0    1.0000    0.4000
         0    1.0000    0.3804
         0    1.0000    0.3373
         0    1.0000    0.3137
         0    1.0000    0.2980
         0    1.0000    0.2784
         0    1.0000    0.2510
         0    1.0000    0.2314
         0    1.0000    0.2235
         0    1.0000    0.1922
         0    1.0000    0.1647
         0    1.0000    0.1490
         0    1.0000    0.1216
         0    1.0000    0.0863
         0    1.0000    0.0627
         0    1.0000    0.0549
         0    1.0000    0.0353
         0    1.0000    0.0039
    0.0039    1.0000         0
    0.0235    1.0000         0
    0.0431    1.0000         0
    0.0824    1.0000         0
    0.0902    1.0000         0
    0.1098    1.0000         0
    0.1569    1.0000         0
    0.1686    1.0000         0
    0.1922    1.0000         0
    0.2118    1.0000         0
    0.2235    1.0000         0
    0.2549    1.0000         0
    0.2745    1.0000         0
    0.2941    1.0000         0
    0.3020    1.0000         0
    0.3333    1.0000         0
    0.3608    1.0000         0
    0.3686    1.0000         0
    0.4000    1.0000         0
    0.4431    1.0000         0
    0.4471    1.0000         0
    0.4706    1.0000         0
    0.4980    1.0000         0
    0.5255    1.0000         0
    0.5333    1.0000         0
    0.5569    1.0000         0
    0.5882    1.0000         0
    0.6000    1.0000         0
    0.6196    1.0000         0
    0.6392    1.0000         0
    0.6471    1.0000         0
    0.7020    1.0000         0
    0.7216    1.0000         0
    0.7451    1.0000         0
    0.7529    1.0000         0
    0.7843    1.0000         0
    0.8078    1.0000         0
    0.8157    1.0000         0
    0.8392    1.0000         0
    0.8745    1.0000         0
    0.8824    1.0000         0
    0.9020    1.0000         0
    0.9529    1.0000         0
    0.9725    1.0000         0
    0.9804    1.0000         0
    1.0000    0.9961         0
    1.0000    0.9647         0
    1.0000    0.9490         0
    1.0000    0.9333         0
    1.0000    0.9098         0
    1.0000    0.8980         0
    1.0000    0.8745         0
    1.0000    0.8431         0
    1.0000    0.8078         0
    1.0000    0.7804         0
    1.0000    0.7647         0
    1.0000    0.7451         0
    1.0000    0.7333         0
    1.0000    0.7059         0
    1.0000    0.6784         0
    1.0000    0.6667         0
    1.0000    0.6549         0
    1.0000    0.6275         0
    1.0000    0.5922         0
    1.0000    0.5804         0
    1.0000    0.5686         0
    1.0000    0.5098         0
    1.0000    0.4980         0
    1.0000    0.4863         0
    1.0000    0.4627         0
    1.0000    0.4314         0
    1.0000    0.4235         0
    1.0000    0.4039         0
    1.0000    0.3725         0
    1.0000    0.3490         0
    1.0000    0.3373         0
    1.0000    0.3137         0
    1.0000    0.2980         0
    1.0000    0.2667         0
    1.0000    0.2353         0
    1.0000    0.2118         0
    1.0000    0.2000         0
    1.0000    0.1765         0
    1.0000    0.1490         0
    1.0000    0.1333         0
    1.0000    0.1216         0
    1.0000    0.0863         0
    1.0000    0.0667         0
    1.0000    0.0588         0
    1.0000    0.0157         0
    1.0000         0         0
    1.0000         0         0
    1.0000         0         0
    1.0000         0         0
    1.0000         0         0
    1.0000         0         0
    1.0000         0         0
    1.0000         0         0
    1.0000         0         0
    1.0000         0         0
    1.0000         0         0
    1.0000         0         0
    1.0000         0         0
    1.0000         0         0
    1.0000         0         0
    1.0000         0         0
    1.0000         0         0
    1.0000         0         0
    1.0000         0         0
    1.0000    0.5020    0.5020];