function cm = jet_bw;
cm = [    0.2510         0    0.2510
    0.2282         0    0.3191
    0.2053         0    0.3872
    0.1825         0    0.4553
    0.1597         0    0.5234
    0.1369         0    0.5914
    0.1141         0    0.6595
    0.0913         0    0.7276
    0.0684         0    0.7957
    0.0456         0    0.8638
    0.0228         0    0.9319
         0         0    1.0000
         0    0.0714    1.0000
         0    0.1429    1.0000
         0    0.2143    1.0000
         0    0.2857    1.0000
         0    0.3571    1.0000
         0    0.4286    1.0000
         0    0.5000    1.0000
         0    0.5714    1.0000
         0    0.6429    1.0000
         0    0.7143    1.0000
         0    0.7857    1.0000
         0    0.8571    1.0000
         0    0.9286    1.0000
         0    1.0000    1.0000
    0.0667    1.0000    0.9333
    0.1333    1.0000    0.8667
    0.2000    1.0000    0.8000
    0.2667    1.0000    0.7333
    0.3333    1.0000    0.6667
    0.4000    1.0000    0.6000
    0.4667    1.0000    0.5333
    0.5333    1.0000    0.4667
    0.6000    1.0000    0.4000
    0.6667    1.0000    0.3333
    0.7333    1.0000    0.2667
    0.8000    1.0000    0.2000
    0.8667    1.0000    0.1333
    0.9333    1.0000    0.0667
    1.0000    1.0000         0
    1.0000    0.9474         0
    1.0000    0.8947         0
    1.0000    0.8421         0
    1.0000    0.7895         0
    1.0000    0.7368         0
    1.0000    0.6842         0
    1.0000    0.6316         0
    1.0000    0.5789         0
    1.0000    0.5263         0
    1.0000    0.4737         0
    1.0000    0.4211         0
    1.0000    0.3684         0
    1.0000    0.3158         0
    1.0000    0.2632         0
    1.0000    0.2105         0
    1.0000    0.1579         0
    1.0000    0.1053         0
    1.0000    0.0526         0
    1.0000         0         0
    1.0000    0.2500    0.2500
    1.0000    0.5000    0.5000
    1.0000    0.7500    0.7500
    1.0000    1.0000    1.0000];
