function map = nasa;
map = [ 0         0    0.0627
         0         0    0.0627
         0         0    0.0627
         0         0    0.0627
         0         0    0.0627
         0         0    0.0627
         0         0    0.0627
         0         0    0.0627
         0         0    0.0627
         0         0    0.0627
         0         0    0.0627
         0         0    0.0627
         0         0    0.0627
         0         0    0.0627
         0         0    0.0627
         0         0    0.0627
         0         0    0.0627
         0         0    0.0627
         0    0.0157    0.0784
         0    0.0314    0.0941
         0    0.0471    0.1098
         0    0.0471    0.1098
    0.0157    0.0627    0.1569
    0.0314    0.0627    0.1882
    0.0471    0.0627    0.2196
    0.0627    0.0627    0.2510
    0.0627    0.0627    0.2510
    0.0627    0.0941    0.2824
    0.0627    0.1098    0.2980
    0.0627    0.1255    0.3137
    0.0627    0.1412    0.3294
    0.0627    0.1412    0.3294
    0.0627    0.1725    0.3608
    0.0627    0.1882    0.3922
    0.0627    0.2039    0.4078
    0.0627    0.2196    0.4235
    0.0627    0.2353    0.4392
    0.0627    0.2510    0.4549
    0.0627    0.2510    0.4706
    0.0627    0.2510    0.4863
    0.0627    0.2510    0.5020
    0.0627    0.2510    0.5176
    0.0784    0.2667    0.5333
    0.0941    0.2824    0.5490
    0.1098    0.2980    0.5647
    0.1255    0.3137    0.5804
    0.1255    0.3294    0.5961
    0.1255    0.3451    0.6118
    0.1255    0.3608    0.6275
    0.1255    0.3922    0.6431
    0.1255    0.3922    0.6588
    0.1255    0.3922    0.6745
    0.1255    0.3922    0.6902
    0.1255    0.3922    0.7216
    0.1255    0.4078    0.7373
    0.1255    0.4235    0.7529
    0.1255    0.4392    0.7686
    0.1412    0.4706    0.8000
    0.1412    0.4706    0.8000
    0.1569    0.4863    0.8157
    0.1725    0.5020    0.8314
    0.1882    0.5176    0.8471
    0.1882    0.5490    0.9098
    0.1882    0.5490    0.9098
    0.1882    0.5647    0.9412
    0.1882    0.5804    0.9725
    0.1882    0.5804    0.9569
    0.1882    0.5804    0.9255
    0.1882    0.5804    0.9255
    0.1882    0.5804    0.9098
    0.1882    0.5961    0.8941
    0.1882    0.6118    0.8784
    0.1882    0.6275    0.8627
    0.1882    0.6431    0.8471
    0.2039    0.6588    0.8314
    0.2196    0.6745    0.8157
    0.2353    0.6902    0.8000
    0.2510    0.7216    0.7843
    0.2510    0.7529    0.7529
    0.2510    0.7529    0.7529
    0.2510    0.7686    0.7373
    0.2510    0.7843    0.7216
    0.2510    0.7843    0.6902
    0.2510    0.7843    0.6588
    0.2510    0.7843    0.6588
    0.2510    0.7843    0.6431
    0.2510    0.8000    0.6275
    0.2510    0.8157    0.6118
    0.2510    0.8471    0.5804
    0.2510    0.8471    0.5804
    0.2667    0.8471    0.5490
    0.2824    0.8471    0.5176
    0.2980    0.8471    0.4863
    0.3137    0.8627    0.4392
    0.3137    0.8784    0.4235
    0.3137    0.8784    0.4235
    0.3137    0.8941    0.4078
    0.3137    0.9098    0.3922
    0.3137    0.9412    0.3451
    0.3137    0.9569    0.3294
    0.3137    0.9569    0.3294
    0.3137    0.9725    0.3137
    0.3137    0.9569    0.2980
    0.3137    0.9255    0.2667
    0.3137    0.9098    0.2510
    0.3137    0.9098    0.2510
    0.3137    0.9098    0.2353
    0.3137    0.9098    0.2039
    0.3137    0.9098    0.1882
    0.3294    0.8941    0.1725
    0.3294    0.8941    0.1725
    0.3451    0.8784    0.1569
    0.3922    0.8471    0.1255
    0.3922    0.8471    0.0941
    0.3922    0.8471    0.0627
    0.3922    0.8471    0.0314
    0.3922    0.8471    0.0314
    0.3922    0.8314    0.0157
    0.3922    0.8157    0.0314
    0.3922    0.8000    0.0471
    0.3922    0.7843    0.0627
    0.3922    0.7843    0.0627
    0.3922    0.7686    0.0784
    0.3922    0.7373    0.1098
    0.3922    0.7216    0.1255
    0.4078    0.6902    0.1569
    0.4078    0.6902    0.1569
    0.4235    0.6745    0.1882
    0.4549    0.6431    0.2510
    0.4549    0.6275    0.2667
    0.4549    0.6118    0.2824
    0.4549    0.6118    0.2824
    0.4549    0.5961    0.2980
    0.4549    0.5804    0.3294
    0.4549    0.5804    0.3451
    0.4549    0.5804    0.3608
    0.4549    0.5804    0.3922
    0.4549    0.5804    0.3922
    0.4549    0.5490    0.4235
    0.4549    0.5333    0.4392
    0.4549    0.5176    0.4549
    0.4706    0.5020    0.4706
    0.4706    0.5020    0.4706
    0.5020    0.4706    0.5020
    0.5176    0.4549    0.5176
    0.5176    0.4392    0.5333
    0.5176    0.4235    0.5490
    0.5176    0.4235    0.5490
    0.5176    0.3922    0.5804
    0.5176    0.3922    0.6118
    0.5176    0.3922    0.6431
    0.5176    0.3922    0.6745
    0.5176    0.3922    0.7216
    0.5176    0.3608    0.7373
    0.5176    0.3451    0.7529
    0.5176    0.3294    0.7686
    0.5176    0.3137    0.7843
    0.5333    0.2980    0.8000
    0.5490    0.2824    0.8157
    0.5647    0.2667    0.8314
    0.5804    0.2510    0.8471
    0.5804    0.2510    0.8627
    0.5804    0.2510    0.8784
    0.5804    0.2510    0.8941
    0.5804    0.2510    0.9098
    0.5804    0.2353    0.9255
    0.5804    0.2196    0.9412
    0.5804    0.2039    0.9569
    0.5804    0.1882    0.9725
    0.5804    0.1725    0.9569
    0.5804    0.1569    0.9412
    0.5804    0.1412    0.9255
    0.5804    0.1255    0.9098
    0.5961    0.1255    0.8784
    0.6118    0.1255    0.8471
    0.6275    0.1255    0.8157
    0.6431    0.1255    0.7843
    0.6431    0.1098    0.7686
    0.6431    0.0941    0.7529
    0.6431    0.0784    0.7373
    0.6431    0.0627    0.7216
    0.6431    0.0471    0.6902
    0.6431    0.0314    0.6745
    0.6431    0.0157    0.6588
    0.6431         0    0.6431
    0.6431    0.0157    0.6275
    0.6431    0.0314    0.6118
    0.6431    0.0471    0.5961
    0.6431    0.0627    0.5804
    0.6588    0.0627    0.5647
    0.6745    0.0627    0.5490
    0.6902    0.0627    0.5333
    0.7216    0.0627    0.5176
    0.7216    0.0784    0.4863
    0.7216    0.1098    0.4235
    0.7216    0.1098    0.4235
    0.7216    0.1255    0.3922
    0.7216    0.1412    0.3608
    0.7216    0.1569    0.3451
    0.7216    0.1882    0.3137
    0.7216    0.1882    0.3137
    0.7216    0.2039    0.2980
    0.7216    0.2196    0.2824
    0.7216    0.2353    0.2667
    0.7216    0.2510    0.2353
    0.7216    0.2510    0.2353
    0.7216    0.2510    0.2196
    0.7216    0.2510    0.2039
    0.7216    0.2510    0.1882
    0.7529    0.2824    0.1569
    0.7686    0.2980    0.1412
    0.7686    0.2980    0.1412
    0.7843    0.3137    0.1255
    0.7843    0.3294    0.0941
    0.7843    0.3608    0.0314
    0.7843    0.3922         0
    0.7843    0.3922         0
    0.7843    0.4078    0.0157
    0.7843    0.4235    0.0314
    0.7843    0.4549    0.0627
    0.7843    0.4549    0.0784
    0.7843    0.4549    0.0784
    0.7843    0.4549    0.0941
    0.7843    0.4549    0.1098
    0.7843    0.4549    0.1255
    0.8157    0.4863    0.1569
    0.8157    0.4863    0.1569
    0.8314    0.5020    0.1725
    0.8471    0.5176    0.1882
    0.8471    0.5333    0.2039
    0.8471    0.5647    0.2353
    0.8471    0.5804    0.2510
    0.8471    0.5804    0.2510
    0.8471    0.5804    0.2824
    0.8471    0.5804    0.3137
    0.8471    0.5804    0.3922
    0.8471    0.5961    0.4078
    0.8471    0.5961    0.4078
    0.8471    0.6118    0.4235
    0.8471    0.6431    0.4549
    0.8627    0.6588    0.4706
    0.8784    0.6745    0.4863
    0.8784    0.6745    0.4863
    0.8941    0.6902    0.5020
    0.9098    0.7373    0.5333
    0.9098    0.7529    0.5490
    0.9098    0.7686    0.5647
    0.9098    0.7686    0.5647
    0.9098    0.7843    0.5804
    0.9098    0.7843    0.6118
    0.9098    0.7843    0.6275
    0.9098    0.7843    0.6431
    0.9098    0.8000    0.6745
    0.9098    0.8000    0.6745
    0.9098    0.8314    0.7373];