function map = rl_prof;

%map = loadinto('rl_prof.mat');
map =   [0         0         0
         0         0         0
         0         0    0.2708
         0         0    0.5451
         0         0    0.5882
         0         0    0.5882
         0         0    0.5882
         0         0    0.5882
         0         0    0.5882
         0         0    0.5882
         0         0    0.5882
         0         0    0.5882
         0         0    0.5882
         0         0    0.5882
         0         0    0.5882
         0         0    0.5912
         0         0    0.6027
         0         0    0.6259
         0         0    0.6511
         0         0    0.6762
         0         0    0.6969
         0         0    0.7226
         0         0    0.7458
         0         0    0.7690
         0         0    0.7922
         0         0    0.8155
         0         0    0.8426
         0         0    0.8658
         0         0    0.8784
         0         0    0.8824
         0         0    0.8824
         0         0    0.8824
         0         0    0.8824
         0         0    0.8824
         0    0.0008    0.8824
         0    0.0201    0.8824
         0    0.0591    0.8941
         0    0.0977    0.9020
         0    0.1362    0.9132
         0    0.1787    0.9176
         0    0.2173    0.9283
         0    0.2559    0.9397
         0    0.3144    0.9551
         0    0.3801    0.9686
         0    0.4186    0.9804
         0    0.4611    0.9894
         0    0.4980    1.0000
         0    0.4980    1.0000
         0    0.4980    1.0000
         0    0.4980    1.0000
         0    0.4980    1.0000
         0    0.4980    1.0000
         0    0.4980    1.0000
         0    0.4980    1.0000
         0    0.5059    0.9922
         0    0.5253    0.9746
         0    0.5575    0.9538
         0    0.5985    0.9282
         0    0.6244    0.9098
         0    0.6482    0.8975
         0    0.6708    0.8782
         0    0.6979    0.8628
         0    0.7212    0.8475
         0    0.7444    0.8314
         0    0.7676    0.8167
         0    0.7908    0.8039
         0    0.8000    0.8000
         0    0.8000    0.8000
         0    0.8000    0.8000
         0    0.8000    0.8000
         0    0.8000    0.8000
         0    0.8000    0.8000
         0    0.8000    0.7955
         0    0.8000    0.7570
         0    0.8000    0.7184
         0    0.8000    0.6759
         0    0.8000    0.6373
         0    0.8000    0.5948
         0    0.8000    0.5563
         0    0.8000    0.5158
         0    0.8000    0.4752
         0    0.8000    0.4327
         0    0.8000    0.3941
         0    0.8000    0.3556
         0    0.8000    0.3173
         0    0.8000    0.2980
         0    0.8000    0.2980
         0    0.8000    0.2980
         0    0.8000    0.2980
         0    0.8000    0.2980
         0    0.8000    0.2980
         0    0.7961    0.2941
         0    0.7905    0.2790
         0    0.7830    0.2575
         0    0.7755    0.2333
         0    0.7647    0.2072
         0    0.7604    0.1836
         0    0.7529    0.1568
         0    0.7412    0.1339
         0    0.7261    0.0836
         0    0.7146    0.0597
         0    0.7071    0.0365
         0    0.6996    0.0133
         0    0.6980    0.0019
         0    0.6980         0
         0    0.6980         0
         0    0.6980         0
         0    0.6980         0
         0    0.6980         0
         0    0.6980         0
         0    0.6980         0
    0.0151    0.7053         0
    0.0601    0.7285         0
    0.1548    0.7741         0
    0.2111    0.8024         0
    0.2572    0.8295         0
    0.3055    0.8527         0
    0.3533    0.8759         0
    0.4022    0.9003         0
    0.4525    0.9263         0
    0.4994    0.9495         0
    0.5493    0.9727         0
    0.5881    0.9922         0
    0.6000    1.0000         0
    0.6000    1.0000         0
    0.6000    1.0000         0
    0.6000    1.0000         0
    0.6000    1.0000         0
    0.6000    1.0000         0
    0.6078    1.0000         0
    0.6325    1.0000         0
    0.6644    1.0000         0
    0.6985    1.0000         0
    0.7298    1.0000         0
    0.7606    1.0000         0
    0.7912    1.0000         0
    0.8227    1.0000         0
    0.8566    1.0000         0
    0.8888    1.0000         0
    0.9220    1.0000         0
    0.9527    1.0000         0
    0.9898    1.0000         0
    1.0000    1.0000         0
    1.0000    1.0000         0
    1.0000    1.0000         0
    1.0000    1.0000         0
    1.0000    1.0000         0
    1.0000    1.0000         0
    1.0000    0.9968         0
    1.0000    0.9775         0
    1.0000    0.9518         0
    1.0000    0.9311         0
    1.0000    0.9060         0
    1.0000    0.8808         0
    1.0000    0.8576         0
    1.0000    0.8178         0
    1.0000    0.7876         0
    1.0000    0.7642         0
    1.0000    0.7373         0
    1.0000    0.7176         0
    1.0000    0.7059         0
    1.0000    0.7059         0
    1.0000    0.7059         0
    1.0000    0.7059         0
    1.0000    0.7059         0
    1.0000    0.7059         0
    1.0000    0.7059         0
    1.0000    0.7059         0
    1.0000    0.6856         0
    1.0000    0.6340         0
    1.0000    0.5843         0
    1.0000    0.5497         0
    1.0000    0.5150         0
    1.0000    0.4804         0
    1.0000    0.4496         0
    1.0000    0.4150         0
    1.0000    0.3803         0
    1.0000    0.3474         0
    1.0000    0.3150         0
    1.0000    0.2931         0
    1.0000    0.2902         0
    1.0000    0.2902         0
    1.0000    0.2902         0
    1.0000    0.2902         0
    1.0000    0.2902         0
    1.0000    0.2902         0
    0.9934    0.2797         0
    0.9859    0.2580         0
    0.9765    0.2333         0
    0.9647    0.2084         0
    0.9529    0.1869         0
    0.9440    0.1636         0
    0.9326    0.1404         0
    0.9212    0.1133         0
    0.9098    0.0901         0
    0.9020    0.0708         0
    0.8941    0.0476         0
    0.8793    0.0205         0
    0.8706         0         0
    0.8706         0         0
    0.8706         0         0
    0.8706         0         0
    0.8706         0         0
    0.8706         0         0
    0.8706         0         0
    0.8667         0    0.0083
    0.8627         0    0.0632
    0.8627         0    0.1326
    0.8593         0    0.1980
    0.8588         0    0.2642
    0.8588         0    0.3326
    0.8588         0    0.4210
    0.8549         0    0.5418
    0.8510         0    0.6132
    0.8510         0    0.6789
    0.8471         0    0.7486
    0.8471         0    0.8143
    0.8471         0    0.8436
    0.8471         0    0.8471
    0.8471         0    0.8471
    0.8471         0    0.8471
    0.8471         0    0.8471
    0.8471         0    0.8471
    0.8471         0    0.8471
    0.8449         0    0.8449
    0.8334         0    0.8334
    0.8102         0    0.8102
    0.7988         0    0.7988
    0.7882         0    0.7882
    0.7759         0    0.7759
    0.7645         0    0.7645
    0.7491         0    0.7491
    0.7377         0    0.7377
    0.7262         0    0.7262
    0.7148         0    0.7148
    0.7059         0    0.7059
    0.6980         0    0.6980
    0.6980         0    0.6980
    0.6980         0    0.6980
    0.6980         0    0.6980
    0.6980         0    0.6980
    0.6980         0    0.6980
    0.6980         0    0.6980
    0.6902         0    0.6902
    0.6824         0    0.6824
    0.6713         0    0.6713
    0.6598         0    0.6598
    0.6484         0    0.6484
    0.6392         0    0.6392
    0.6294         0    0.6294
    0.6196         0    0.6196
    0.6105         0    0.6105
    0.5990         0    0.5990
    0.6005    0.0297    0.6005
    0.9748    0.9352    0.9748
    1.0000    1.0000    1.0000];