function cm = wrgbk;

cm = [         0         0         0
    0.1569    0.1137    0.1412
    0.2471    0.1412    0.3098
    0.3098    0.1216    0.4039
    0.3765    0.0745    0.5020
    0.4431         0    0.5961
    0.4118         0    0.5961
    0.3765         0    0.5961
    0.3451         0    0.5961
    0.3098         0    0.5961
    0.2745         0    0.6000
    0.2392         0    0.6000
    0.2078         0    0.6000
    0.1725         0    0.6000
    0.1373         0    0.6000
    0.1020         0    0.6000
    0.0706         0    0.6039
    0.0353         0    0.6039
         0         0    0.6039
         0         0    0.6431
         0         0    0.6824
         0         0    0.7216
         0         0    0.7608
         0         0    0.8000
         0         0    0.8392
         0         0    0.8784
         0    0.0039    0.8784
         0    0.0078    0.8824
         0    0.0157    0.8824
         0    0.0196    0.8824
         0    0.0431    0.8902
         0    0.0667    0.8941
         0    0.0902    0.9020
         0    0.1176    0.9098
         0    0.1412    0.9137
         0    0.1647    0.9216
         0    0.1922    0.9294
         0    0.2196    0.9333
         0    0.2431    0.9412
         0    0.2706    0.9490
         0    0.2980    0.9529
         0    0.3255    0.9608
         0    0.3529    0.9686
         0    0.3804    0.9725
         0    0.4118    0.9804
         0    0.4392    0.9882
         0    0.4667    0.9922
         0    0.4980    1.0000
         0    0.4980    1.0000
         0    0.4980    1.0000
         0    0.4980    1.0000
         0    0.4980    1.0000
         0    0.4980    1.0000
         0    0.4980    1.0000
         0    0.5255    0.9804
         0    0.5529    0.9647
         0    0.5765    0.9451
         0    0.6000    0.9294
         0    0.6235    0.9098
         0    0.6510    0.8941
         0    0.6784    0.8784
         0    0.7020    0.8627
         0    0.7294    0.8510
         0    0.7490    0.8353
         0    0.7725    0.8196
         0    0.7922    0.8039
         0    0.7922    0.8039
         0    0.7961    0.8039
         0    0.7961    0.8039
         0    0.7961    0.8039
         0    0.8000    0.8039
         0    0.8000    0.8000
         0    0.8000    0.8000
         0    0.8000    0.8000
         0    0.8000    0.7961
         0    0.8000    0.7961
         0    0.8000    0.7647
         0    0.7961    0.7333
         0    0.7961    0.7059
         0    0.7922    0.6745
         0    0.7922    0.6431
         0    0.7882    0.6157
         0    0.7882    0.5843
         0    0.7843    0.5529
         0    0.7843    0.5255
         0    0.7843    0.4941
         0    0.7804    0.4667
         0    0.7804    0.4353
         0    0.7765    0.4078
         0    0.7765    0.3804
         0    0.7725    0.3490
         0    0.7725    0.3216
         0    0.7686    0.2941
         0    0.7686    0.2627
         0    0.7647    0.2353
         0    0.7647    0.2078
         0    0.7608    0.1922
         0    0.7569    0.1765
         0    0.7529    0.1647
         0    0.7451    0.1490
         0    0.7412    0.1333
         0    0.7373    0.1216
         0    0.7333    0.1059
         0    0.7294    0.0941
         0    0.7255    0.0784
         0    0.7216    0.0667
         0    0.7176    0.0510
         0    0.7098    0.0392
         0    0.7059    0.0275
         0    0.7020    0.0118
         0    0.6980         0
    0.0235    0.7098         0
    0.0471    0.7255         0
    0.0706    0.7373         0
    0.0941    0.7529         0
    0.1176    0.7647         0
    0.1451    0.7765         0
    0.1725    0.7922         0
    0.2000    0.8039         0
    0.2275    0.8196         0
    0.2588    0.8314         0
    0.2745    0.8392         0
    0.2863    0.8471         0
    0.3020    0.8549         0
    0.3176    0.8627         0
    0.3294    0.8706         0
    0.3451    0.8784         0
    0.3608    0.8863         0
    0.3765    0.8941         0
    0.3922    0.9020         0
    0.4078    0.9098         0
    0.4235    0.9216         0
    0.4431    0.9294         0
    0.4588    0.9373         0
    0.4745    0.9451         0
    0.4941    0.9529         0
    0.5098    0.9608         0
    0.5294    0.9686         0
    0.5451    0.9765         0
    0.5647    0.9843         0
    0.5804    0.9922         0
    0.6000    1.0000         0
    0.6196    1.0000         0
    0.6392    1.0000         0
    0.6588    1.0000         0
    0.6784    1.0000         0
    0.6980    1.0000         0
    0.7176    1.0000         0
    0.7373    1.0000         0
    0.7569    1.0000         0
    0.7804    1.0000         0
    0.8000    1.0000         0
    0.8196    1.0000         0
    0.8392    1.0000         0
    0.8588    1.0000         0
    0.8784    1.0000         0
    0.8980    1.0000         0
    0.9176    1.0000         0
    0.9373    1.0000         0
    0.9569    1.0000         0
    0.9686    1.0000         0
    0.9804    1.0000         0
    0.9882    1.0000         0
    1.0000    1.0000         0
    1.0000    0.9882         0
    1.0000    0.9765         0
    1.0000    0.9686         0
    1.0000    0.9569         0
    1.0000    0.9451         0
    1.0000    0.9333         0
    1.0000    0.9255         0
    1.0000    0.9137         0
    1.0000    0.9020         0
    1.0000    0.8902         0
    1.0000    0.8824         0
    1.0000    0.8706         0
    1.0000    0.8588         0
    1.0000    0.8471         0
    1.0000    0.8392         0
    1.0000    0.8275         0
    1.0000    0.8157         0
    1.0000    0.8039         0
    1.0000    0.7961         0
    1.0000    0.7843         0
    1.0000    0.7725         0
    1.0000    0.7608         0
    1.0000    0.7529         0
    1.0000    0.7412         0
    1.0000    0.7294         0
    1.0000    0.7176         0
    1.0000    0.7098         0
    1.0000    0.6980         0
    1.0000    0.6863         0
    1.0000    0.6706         0
    1.0000    0.6510         0
    1.0000    0.6353         0
    1.0000    0.6157         0
    1.0000    0.6000         0
    1.0000    0.5843         0
    1.0000    0.5647         0
    1.0000    0.5490         0
    1.0000    0.5294         0
    1.0000    0.5137         0
    1.0000    0.4980         0
    1.0000    0.4784         0
    1.0000    0.4627         0
    1.0000    0.4471         0
    1.0000    0.4275         0
    1.0000    0.4118         0
    1.0000    0.3922         0
    1.0000    0.3765         0
    1.0000    0.3608         0
    1.0000    0.3412         0
    1.0000    0.3255         0
    1.0000    0.3059         0
    1.0000    0.2902         0
    0.9882    0.2667         0
    0.9804    0.2392         0
    0.9686    0.2157         0
    0.9608    0.1922         0
    0.9490    0.1686         0
    0.9412    0.1451         0
    0.9294    0.1255         0
    0.9216    0.1020         0
    0.9098    0.0824         0
    0.9020    0.0588         0
    0.8902    0.0392         0
    0.8824    0.0196         0
    0.8706         0         0
    0.8706         0         0
    0.8706         0         0
    0.8706         0         0
    0.8706         0         0
    0.8706         0         0
    0.8706         0         0
    0.8706         0         0
    0.8706         0         0
    0.8706         0         0
    0.8706         0         0
    0.8706         0         0
    0.8706         0         0
    0.8706         0         0
    0.8784    0.0627    0.1255
    0.8863    0.1294    0.2471
    0.8941    0.1961    0.3569
    0.9020    0.2667    0.4627
    0.9098    0.3333    0.5569
    0.9176    0.4039    0.6431
    0.9294    0.4784    0.7216
    0.9373    0.5490    0.7882
    0.9451    0.6235    0.8471
    0.9529    0.6980    0.8941
    0.9608    0.7765    0.9333
    0.9686    0.8549    0.9608
    0.9765    0.9333    0.9765
    1.0000    1.0000    1.0000];