function [A, filt2] = IntorFilters

A = [1650	0.317846268	0.265529484	0.266188771	0.289949864
1649.900024	0.322392732	0.268639714	0.270237804	0.292377174
1649.800049	0.325315744	0.273036569	0.268831492	0.295804113
1649.699951	0.328866512	0.272585601	0.268745244	0.299470574
1649.599976	0.331847101	0.277510345	0.273609132	0.303023577
1649.5	0.340241164	0.283133537	0.278415084	0.307141334
1649.400024	0.343105286	0.285294175	0.283951819	0.315184593
1649.300049	0.34879157	0.288527548	0.289215207	0.319135726
1649.199951	0.354999751	0.291637242	0.287023127	0.322969139
1649.099976	0.357880473	0.292843759	0.293406546	0.328375965
1649	0.369201124	0.301659614	0.299961269	0.334740043
1648.900024	0.369541496	0.303929567	0.306951046	0.335851073
1648.800049	0.37606442	0.309445888	0.307505459	0.341664225
1648.699951	0.380278826	0.313739955	0.313582689	0.345728457
1648.599976	0.386197239	0.316913903	0.322941721	0.351342022
1648.5	0.396507233	0.328090727	0.322909534	0.35723725
1648.400024	0.398997128	0.327284098	0.325954318	0.360205561
1648.300049	0.404421479	0.332385868	0.333198488	0.367818922
1648.199951	0.412962109	0.338989526	0.334627926	0.37376827
1648.099976	0.41775465	0.342571795	0.347715497	0.377295971
1648	0.423290908	0.344292462	0.342640817	0.384144992
1647.900024	0.428125173	0.348653108	0.352253199	0.389298856
1647.800049	0.436996073	0.356951982	0.358536631	0.398789674
1647.699951	0.445513278	0.363779157	0.365392298	0.402703077
1647.599976	0.454544514	0.367456168	0.369530946	0.410530478
1647.5	0.460299671	0.37263456	0.373357803	0.414285213
1647.400024	0.465356141	0.377681047	0.38543129	0.421037763
1647.300049	0.476144105	0.384999096	0.385557801	0.429536909
1647.199951	0.484138459	0.391992927	0.395388812	0.436553001
1647.099976	0.490420729	0.394210398	0.397458941	0.442231387
1647	0.496922255	0.401180148	0.403461605	0.449675173
1646.900024	0.509970367	0.407975346	0.41429928	0.458472163
1646.800049	0.518553674	0.416818947	0.421457082	0.467092127
1646.699951	0.522729456	0.423579603	0.427200317	0.471262306
1646.599976	0.531490386	0.42609182	0.43063727	0.475856751
1646.5	0.543789387	0.435024828	0.441064954	0.485734552
1646.400024	0.553798795	0.444888175	0.449142009	0.49857074
1646.300049	0.559547424	0.445465058	0.456770271	0.505746663
1646.199951	0.572005451	0.454987526	0.463399649	0.512093425
1646.099976	0.581969142	0.464551091	0.474807978	0.524576187
1646	0.594556212	0.47054863	0.480428428	0.534679771
1645.900024	0.606499791	0.47792542	0.488384396	0.544320703
1645.800049	0.611715674	0.488818258	0.493820906	0.548471391
1645.699951	0.625595987	0.493780911	0.504698634	0.558754921
1645.599976	0.634888291	0.50742209	0.514681339	0.570720315
1645.5	0.653033793	0.51371336	0.524816871	0.580661178
1645.400024	0.66082859	0.516936362	0.528879881	0.589803398
1645.300049	0.670795023	0.528408885	0.539924085	0.597889245
1645.199951	0.685939312	0.537058294	0.550672829	0.60954082
1645.099976	0.696045697	0.549684286	0.559915066	0.620021164
1645	0.709077239	0.558085322	0.567069769	0.632133067
1644.900024	0.718244076	0.56675303	0.574613154	0.64430362
1644.800049	0.733062208	0.577751994	0.58862561	0.656305134
1644.699951	0.751666665	0.587780237	0.600631833	0.669121504
1644.599976	0.769308329	0.598029792	0.617660582	0.684408963
1644.5	0.777248085	0.605500519	0.622210145	0.68955791
1644.400024	0.789462566	0.618802011	0.637679815	0.70686233
1644.300049	0.811390102	0.629348278	0.650468171	0.723406911
1644.199951	0.830189347	0.640844584	0.660808206	0.73701787
1644.099976	0.847547531	0.650454223	0.671677053	0.748139024
1644	0.858935177	0.659794807	0.68220079	0.761689425
1643.900024	0.876970887	0.676507771	0.698399544	0.776297212
1643.800049	0.89811933	0.690737486	0.715068102	0.796101987
1643.699951	0.91397363	0.701967359	0.728812933	0.808918297
1643.599976	0.923231065	0.7124511	0.733216763	0.820732415
1643.5	0.949457765	0.727998674	0.754003286	0.838525474
1643.400024	0.97243607	0.742750764	0.772088289	0.856190085
1643.300049	0.990681171	0.756283581	0.782873213	0.872373223
1643.199951	1.004233956	0.769409001	0.793017566	0.887149751
1643.099976	1.024937034	0.782138825	0.810707152	0.905351162
1643	1.051582813	0.801050305	0.834294319	0.927331328
1642.900024	1.074636459	0.81582135	0.847602248	0.944341898
1642.800049	1.091886997	0.823504746	0.866292536	0.963085234
1642.699951	1.11057508	0.842868626	0.878307343	0.982774973
1642.599976	1.145627499	0.863391995	0.9051826	1.006643534
1642.5	1.170583248	0.880686164	0.921360612	1.023541927
1642.400024	1.195451021	0.899542034	0.938504934	1.050962925
1642.300049	1.213828683	0.913405895	0.953232765	1.065416574
1642.199951	1.245951533	0.935370207	0.975891233	1.093476892
1642.099976	1.277874112	0.954837978	0.999654472	1.112542868
1642	1.301836133	0.971584559	1.020617723	1.141960502
1641.900024	1.317744374	0.986211956	1.031396747	1.160057306
1641.800049	1.354326725	1.012911439	1.057838678	1.189565301
1641.699951	1.38874507	1.034366488	1.087592959	1.219360352
1641.599976	1.42553103	1.058383226	1.113362193	1.236927271
1641.5	1.445831656	1.072695732	1.128437519	1.265048385
1641.400024	1.47929132	1.096176386	1.150105834	1.286685586
1641.300049	1.519936681	1.118951201	1.184983134	1.32751143
1641.199951	1.560189247	1.145434976	1.212629199	1.353243589
1641.099976	1.591720223	1.169733047	1.230888128	1.380985141
1641	1.619953275	1.189108729	1.25444293	1.406308532
1640.900024	1.663450003	1.220846057	1.290646434	1.453930497
1640.800049	1.704588532	1.247939348	1.318990111	1.485830545
1640.699951	1.745188594	1.276731968	1.352300644	1.510456443
1640.599976	1.780260921	1.296834707	1.373860955	1.54054904
1640.5	1.824164033	1.329890728	1.408393264	1.581999421
1640.400024	1.874558806	1.363260269	1.442953587	1.619862914
1640.300049	1.922047377	1.400253892	1.481174827	1.660117149
1640.199951	1.953710437	1.415628195	1.501657486	1.687354803
1640.099976	1.999611616	1.443848014	1.540129304	1.72796607
1640	2.060265064	1.488012433	1.58906126	1.780895472
1639.900024	2.111644506	1.520166636	1.619605899	1.821894169
1639.800049	2.150310278	1.551095247	1.656508088	1.861507416
1639.699951	2.200267315	1.575499415	1.692594051	1.899357915
1639.599976	2.271272182	1.623553634	1.74849534	1.963354588
1639.5	2.324948549	1.660737634	1.795633554	2.01478219
1639.400024	2.390278578	1.700946927	1.821646094	2.046713352
1639.300049	2.434227705	1.733386159	1.858461261	2.089464426
1639.199951	2.499834538	1.778329849	1.912079811	2.152742386
1639.099976	2.577859163	1.828722477	1.965134382	2.212549448
1639	2.649881124	1.869843364	2.009913445	2.258180857
1638.900024	2.697283506	1.903322101	2.049806356	2.302003384
1638.800049	2.766770363	1.952668786	2.102953672	2.368368149
1638.699951	2.85280633	2.016963243	2.168270588	2.443148851
1638.599976	2.92492485	2.057677984	2.212908983	2.500362396
1638.5	3.002051592	2.101415873	2.268849611	2.555553913
1638.400024	3.066709518	2.142506123	2.319770575	2.613873005
1638.300049	3.181595325	2.221590757	2.407938719	2.712398291
1638.199951	3.271341324	2.265942335	2.466516733	2.770053387
1638.099976	3.336672068	2.320437908	2.514291286	2.837492943
1638	3.399492502	2.358733654	2.565305471	2.893456936
1637.900024	3.505469084	2.424308062	2.639388561	2.992449522
1637.800049	3.616812468	2.499654531	2.721023798	3.091151476
1637.699951	3.715859652	2.558953285	2.783456326	3.137371302
1637.599976	3.792385817	2.607502937	2.849534988	3.213375092
1637.5	3.891184092	2.677779198	2.920867205	3.319097042
1637.400024	4.034539223	2.768101454	3.031802654	3.457663536
1637.300049	4.146475315	2.846021175	3.089075804	3.508419991
1637.199951	4.241141796	2.908610821	3.173137903	3.578584194
1637.099976	4.347328663	2.97277689	3.247730732	3.674588442
1637	4.514951706	3.069714546	3.369706869	3.81813693
1636.900024	4.634532452	3.14847827	3.449842453	3.902308226
1636.800049	4.753078461	3.226391315	3.544571638	4.010819435
1636.699951	4.860027313	3.295805931	3.614360809	4.098860741
1636.599976	5.029335976	3.407059669	3.734400749	4.247327328
1636.5	5.20208168	3.500635147	3.859613895	4.381999969
