function ap = ap_copol_mpl005_20031111(range);
%ap = ap_copol_mpl005_20031111(range);
%
% /*--------------------------------------------------------------*
%    TableCurve Function: .\CDE1F.tmp Mar 16, 2004 1:18:09 PM 
%    c:\matlab\work\mplps.ap.cop.txt 
%    X= range (km) 
%    Y= afterpulse (cpus) 
%    Eqn# 3322  y=a+b/x+c/x^(1.5)+d/x^2 
%    r2=0.9970232383312004 
%    r2adj=0.9970172638973443 
%    StdErr=2.793158446908366E-05 
%    Fstat=222620.4802879075 
%    a= 0.0001330550545169223 
%    b= 0.001036209662859547 
%    c= -0.0003811628499437597 
%    d= 5.293538160158803E-05 
%  *--------------------------------------------------------------*/

   a = 0.0001330550545169223 ;
   b = 0.001036209662859547 ;
   c = -0.0003811628499437597; 
   d = 5.293538160158803E-05 ;

  x = range; 
  ap = a + b ./ x + c ./ x.^(1.5) + d ./ x.^2;
  
  return
 
