function ap = ap_crosspol_mpl005_20031111(range);
%ap = ap_copol_mpl005_20031111(range);
%
% /*--------------------------------------------------------------*
%    TableCurve Function: .\CDE20.tmp Mar 16, 2004 1:25:48 PM 
%    C:\Matlab\work\mplps.ap.dep.txt 
%    X= range (km) 
%    Y= afterpulse (cpus) 
%    Eqn# 3322  y=a+b/x+c/x^(1.5)+d/x^2 
%    r2=0.9932272293589052 
%    r2adj=0.9931999747486794 
%    StdErr=2.21237116416206E-05 
%    Fstat=48638.93698174686 
%    a= 0.0001075071501475066 
%    b= 0.0002932473427261347 
%    c= -0.0001091467662328915 
%    d= 1.706749032756151E-05 

   a= 0.0001075071501475066 ;
   b= 0.0002932473427261347 ;
   c= -0.0001091467662328915 ;
   d= 1.706749032756151E-05 ;

  x = range; 
  ap = a + b ./ x + c ./ x.^(1.5) + d ./ x.^2;
  return
 
