function  y = ap_mpl4b102_20050911(range);
% 
%    TableCurve Function: .\CDE5B.tmp Sep 11, 2005 10:33:14 PM 
%    D:\case_studies\alive\data\mpl4b\cals\mpl4b_102.dtc.20050911.ap.txt 
%    X= range (km) 
%    Y= afterpulse (MHz) 
%    Eqn# 7906  y=(a+cx+ex^2+gx^3)/(1+bx+dx^2+fx^3+hx^4) [NL] 
%    r2=0.9984375277269529 
%    r2adj=0.9984312115176631 
%    StdErr=5.690795534192697E-05 
%    Fstat=180748.9267399473 
%    a= 0.03620979425959853 
%    b= 51.40526327388796 
%    c= 0.4132731384483618 
%    d= 25.04952771942804 
%    e= -0.04227451188259176 
%    f= 3.21834555470345 
%    g= 0.002858371405971027 
%    h= 0.1604804482904202 

   a= 0.03620979425959853 ;
   b= 51.40526327388796 ;
   c= 0.4132731384483618 ;
   d= 25.04952771942804 ;
   e= -0.04227451188259176; 
   f= 3.21834555470345 ;
   g= 0.002858371405971027 ;
   h= 0.1604804482904202 ;
   
y=(a + c .* x + e .* x.^2 + g .* x.^3) ./ (1 + b .* x + d .* x.^2 + f .* x.^3 + h .* x.^4);