function ol = tnmpl_col_ol(x);

a= 0.7875005085090033 ;
   b= 3.046237592157198 ;
   c= -1.978184121716092; 
   d= 0.9150213980530104; 
   e= -0.1271009697478762 ;
   f= 0.00873559946989401 ;
   g= -0.0002488108295352162 ;

%    Eqn# 6504  y=a+b/x+c/x^2+d/x^3+e/x^4+f/x^5+g/x^6 
ol=a+ b./x + c./(x.^2) + d./(x.^3) + e./(x.^4) + f./(x.^5) + g./(x.^6) ;

    