function [depol_ap, range] = mpace_depol_ap_20040928;
%[depol_ap, range] = mpace_depol_ap_20040928;
% This correction is a data measured with the a cloth draped over the vertical viewport.
% This is an averaged smoothed profile of the background-subtracted
% afterpulse from green_lidar.ap.20040928.112111.nc
% It was smoothed as: 
% depol_ap = smooth(lidar_ap.range, mean(lidar_ap.depol')','lowess');
%

ap =  [0    0.0000
    0.0300    0.0002
    0.0600    0.0004
    0.0900    0.0005
    0.1200    0.0006
    0.1500    0.0008
    0.1800    0.0009
    0.2100    0.0010
    0.2400    0.0011
    0.2700    0.0012
    0.3000    0.0012
    0.3300    0.0012
    0.3600    0.0012
    0.3900    0.0012
    0.4200    0.0013
    0.4500    0.0012
    0.4800    0.0012
    0.5100    0.0012
    0.5400    0.0011
    0.5700    0.0011
    0.6000    0.0011
    0.6300    0.0011
    0.6600    0.0010
    0.6900    0.0010
    0.7200    0.0010
    0.7500    0.0010
    0.7800    0.0010
    0.8100    0.0010
    0.8400    0.0010
    0.8700    0.0010
    0.9000    0.0010
    0.9300    0.0009
    0.9600    0.0009
    0.9900    0.0009
    1.0200    0.0009
    1.0500    0.0009
    1.0800    0.0009
    1.1100    0.0010
    1.1400    0.0010
    1.1700    0.0010
    1.2000    0.0010
    1.2300    0.0010
    1.2600    0.0010
    1.2900    0.0010
    1.3200    0.0010
    1.3500    0.0010
    1.3800    0.0011
    1.4100    0.0011
    1.4400    0.0012
    1.4700    0.0012
    1.5000    0.0012
    1.5300    0.0012
    1.5600    0.0013
    1.5900    0.0014
    1.6200    0.0016
    1.6500    0.0015
    1.6800    0.0014
    1.7100    0.0014
    1.7400    0.0015
    1.7700    0.0014
    1.8000    0.0013
    1.8300    0.0014
    1.8600    0.0015
    1.8900    0.0016
    1.9200    0.0015
    1.9500    0.0015
    1.9800    0.0015
    2.0100    0.0016
    2.0400    0.0017
    2.0700    0.0017
    2.1000    0.0018
    2.1300    0.0018
    2.1600    0.0017
    2.1900    0.0017
    2.2200    0.0018
    2.2500    0.0019
    2.2800    0.0019
    2.3100    0.0018
    2.3400    0.0020
    2.3700    0.0021
    2.4000    0.0020
    2.4300    0.0020
    2.4600    0.0022
    2.4900    0.0023
    2.5200    0.0021
    2.5500    0.0020
    2.5800    0.0021
    2.6100    0.0021
    2.6400    0.0021
    2.6700    0.0021
    2.7000    0.0020
    2.7300    0.0019
    2.7600    0.0018
    2.7900    0.0020
    2.8200    0.0021
    2.8500    0.0023
    2.8800    0.0022
    2.9100    0.0023
    2.9400    0.0022
    2.9700    0.0024
    3.0000    0.0027
    3.0300    0.0026
    3.0600    0.0025
    3.0900    0.0024
    3.1200    0.0025
    3.1500    0.0026
    3.1800    0.0030
    3.2100    0.0031
    3.2400    0.0031
    3.2700    0.0027
    3.3000    0.0025
    3.3300    0.0026
    3.3600    0.0029
    3.3900    0.0029
    3.4200    0.0028
    3.4500    0.0028
    3.4800    0.0028
    3.5100    0.0024
    3.5400    0.0022
    3.5700    0.0024
    3.6000    0.0029
    3.6300    0.0032
    3.6600    0.0033
    3.6900    0.0031
    3.7200    0.0029
    3.7500    0.0031
    3.7800    0.0034
    3.8100    0.0036
    3.8400    0.0037
    3.8700    0.0036
    3.9000    0.0033
    3.9300    0.0029
    3.9600    0.0031
    3.9900    0.0035
    4.0200    0.0037
    4.0500    0.0035
    4.0800    0.0036
    4.1100    0.0035
    4.1400    0.0034
    4.1700    0.0033
    4.2000    0.0035
    4.2300    0.0035
    4.2600    0.0036
    4.2900    0.0037
    4.3200    0.0032
    4.3500    0.0031
    4.3800    0.0031
    4.4100    0.0035
    4.4400    0.0038
    4.4700    0.0041
    4.5000    0.0036
    4.5300    0.0034
    4.5600    0.0035
    4.5900    0.0035
    4.6200    0.0032
    4.6500    0.0031
    4.6800    0.0028
    4.7100    0.0032
    4.7400    0.0035
    4.7700    0.0035
    4.8000    0.0032
    4.8300    0.0033
    4.8600    0.0031
    4.8900    0.0031
    4.9200    0.0028
    4.9500    0.0025
    4.9800    0.0027
    5.0100    0.0036
    5.0400    0.0039
    5.0700    0.0036
    5.1000    0.0035
    5.1300    0.0033
    5.1600    0.0033
    5.1900    0.0034
    5.2200    0.0039
    5.2500    0.0039
    5.2800    0.0039
    5.3100    0.0047
    5.3400    0.0047
    5.3700    0.0044
    5.4000    0.0042
    5.4300    0.0043
    5.4600    0.0042
    5.4900    0.0048
    5.5200    0.0047
    5.5500    0.0047
    5.5800    0.0044
    5.6100    0.0046
    5.6400    0.0048
    5.6700    0.0046
    5.7000    0.0040
    5.7300    0.0038
    5.7600    0.0040
    5.7900    0.0038
    5.8200    0.0035
    5.8500    0.0039
    5.8800    0.0046
    5.9100    0.0053
    5.9400    0.0055
    5.9700    0.0052
    6.0000    0.0051
    6.0300    0.0046
    6.0600    0.0038
    6.0900    0.0031
    6.1200    0.0041
    6.1500    0.0045
    6.1800    0.0045
    6.2100    0.0046
    6.2400    0.0048
    6.2700    0.0050
    6.3000    0.0053
    6.3300    0.0056
    6.3600    0.0050
    6.3900    0.0046
    6.4200    0.0045
    6.4500    0.0046
    6.4800    0.0042
    6.5100    0.0043
    6.5400    0.0049
    6.5700    0.0060
    6.6000    0.0063
    6.6300    0.0059
    6.6600    0.0045
    6.6900    0.0037
    6.7200    0.0036
    6.7500    0.0042
    6.7800    0.0045
    6.8100    0.0058
    6.8400    0.0055
    6.8700    0.0049
    6.9000    0.0051
    6.9300    0.0061
    6.9600    0.0053
    6.9900    0.0044
    7.0200    0.0052
    7.0500    0.0057
    7.0800    0.0057
    7.1100    0.0048
    7.1400    0.0038
    7.1700    0.0039
    7.2000    0.0047
    7.2300    0.0054
    7.2600    0.0049
    7.2900    0.0047
    7.3200    0.0043
    7.3500    0.0053
    7.3800    0.0057
    7.4100    0.0054
    7.4400    0.0049
    7.4700    0.0057
    7.5000    0.0056
    7.5300    0.0054
    7.5600    0.0060
    7.5900    0.0066
    7.6200    0.0062
    7.6500    0.0061
    7.6800    0.0063
    7.7100    0.0054
    7.7400    0.0045
    7.7700    0.0068
    7.8000    0.0080
    7.8300    0.0065
    7.8600    0.0040
    7.8900    0.0036
    7.9200    0.0038
    7.9500    0.0035
    7.9800    0.0033
    8.0100    0.0034
    8.0400    0.0049
    8.0700    0.0064
    8.1000    0.0065
    8.1300    0.0053
    8.1600    0.0045
    8.1900    0.0048
    8.2200    0.0071
    8.2500    0.0085
    8.2800    0.0079
    8.3100    0.0064
    8.3400    0.0074
    8.3700    0.0075
    8.4000    0.0085
    8.4300    0.0086
    8.4600    0.0078
    8.4900    0.0056
    8.5200    0.0074
    8.5500    0.0082
    8.5800    0.0078
    8.6100    0.0074
    8.6400    0.0079
    8.6700    0.0071
    8.7000    0.0065
    8.7300    0.0072
    8.7600    0.0070
    8.7900    0.0071
    8.8200    0.0072
    8.8500    0.0067
    8.8800    0.0050
    8.9100    0.0059
    8.9400    0.0077
    8.9700    0.0075
    9.0000    0.0070
    9.0300    0.0064
    9.0600    0.0056
    9.0900    0.0047
    9.1200    0.0055
    9.1500    0.0063
    9.1800    0.0067
    9.2100    0.0072
    9.2400    0.0070
    9.2700    0.0063
    9.3000    0.0057
    9.3300    0.0064
    9.3600    0.0077
    9.3900    0.0077
    9.4200    0.0068
    9.4500    0.0060
    9.4800    0.0063
    9.5100    0.0074
    9.5400    0.0079
    9.5700    0.0081
    9.6000    0.0062
    9.6300    0.0033
    9.6600    0.0024
    9.6900    0.0047
    9.7200    0.0068
    9.7500    0.0054
    9.7800    0.0043
    9.8100    0.0048
    9.8400    0.0048
    9.8700    0.0049
    9.9000    0.0068
    9.9300    0.0079
    9.9600    0.0065
    9.9900    0.0046
   10.0200    0.0036
   10.0500    0.0052
   10.0800    0.0076
   10.1100    0.0075
   10.1400    0.0063
   10.1700    0.0070
   10.2000    0.0079
   10.2300    0.0082
   10.2600    0.0084
   10.2900    0.0070
   10.3200    0.0077
   10.3500    0.0095
   10.3800    0.0088
   10.4100    0.0065
   10.4400    0.0074
   10.4700    0.0086
   10.5000    0.0079
   10.5300    0.0085
   10.5600    0.0103
   10.5900    0.0121
   10.6200    0.0108
   10.6500    0.0058
   10.6800    0.0044
   10.7100    0.0058
   10.7400    0.0059
   10.7700    0.0025
   10.8000    0.0011
