function [OCR_ap, range] = mpace_OCR_ap_20040928;
%[copol_ap, range] = mpace_OCR_ap_20040928;
% This correction is a data measured with the a cloth draped over the vertical viewport.
% This is an averaged smoothed profile of the background-subtracted
% afterpulse from green_lidar.ap.20040928.112111.nc
% It was smoothed as: 
% OCR_ap = smooth(lidar_ap.range, mean(lidar_ap.OCR')','lowess');
%

ap = [          0   -0.0000
    0.0300    0.0000
    0.0600    0.0001
    0.0900    0.0001
    0.1200    0.0002
    0.1500    0.0002
    0.1800    0.0003
    0.2100    0.0003
    0.2400    0.0004
    0.2700    0.0004
    0.3000    0.0005
    0.3300    0.0005
    0.3600    0.0005
    0.3900    0.0006
    0.4200    0.0006
    0.4500    0.0006
    0.4800    0.0007
    0.5100    0.0007
    0.5400    0.0007
    0.5700    0.0007
    0.6000    0.0008
    0.6300    0.0008
    0.6600    0.0008
    0.6900    0.0008
    0.7200    0.0008
    0.7500    0.0009
    0.7800    0.0009
    0.8100    0.0009
    0.8400    0.0009
    0.8700    0.0010
    0.9000    0.0011
    0.9300    0.0011
    0.9600    0.0010
    0.9900    0.0010
    1.0200    0.0010
    1.0500    0.0010
    1.0800    0.0010
    1.1100    0.0010
    1.1400    0.0011
    1.1700    0.0011
    1.2000    0.0011
    1.2300    0.0011
    1.2600    0.0011
    1.2900    0.0012
    1.3200    0.0011
    1.3500    0.0011
    1.3800    0.0012
    1.4100    0.0013
    1.4400    0.0012
    1.4700    0.0012
    1.5000    0.0013
    1.5300    0.0013
    1.5600    0.0013
    1.5900    0.0012
    1.6200    0.0010
    1.6500    0.0010
    1.6800    0.0011
    1.7100    0.0013
    1.7400    0.0013
    1.7700    0.0015
    1.8000    0.0015
    1.8300    0.0014
    1.8600    0.0012
    1.8900    0.0010
    1.9200    0.0011
    1.9500    0.0013
    1.9800    0.0013
    2.0100    0.0013
    2.0400    0.0013
    2.0700    0.0014
    2.1000    0.0012
    2.1300    0.0012
    2.1600    0.0013
    2.1900    0.0013
    2.2200    0.0014
    2.2500    0.0015
    2.2800    0.0015
    2.3100    0.0014
    2.3400    0.0012
    2.3700    0.0011
    2.4000    0.0011
    2.4300    0.0012
    2.4600    0.0013
    2.4900    0.0014
    2.5200    0.0012
    2.5500    0.0011
    2.5800    0.0012
    2.6100    0.0014
    2.6400    0.0014
    2.6700    0.0013
    2.7000    0.0012
    2.7300    0.0010
    2.7600    0.0010
    2.7900    0.0010
    2.8200    0.0012
    2.8500    0.0012
    2.8800    0.0011
    2.9100    0.0011
    2.9400    0.0015
    2.9700    0.0018
    3.0000    0.0018
    3.0300    0.0016
    3.0600    0.0016
    3.0900    0.0014
    3.1200    0.0012
    3.1500    0.0013
    3.1800    0.0017
    3.2100    0.0015
    3.2400    0.0011
    3.2700    0.0011
    3.3000    0.0013
    3.3300    0.0011
    3.3600    0.0011
    3.3900    0.0012
    3.4200    0.0016
    3.4500    0.0015
    3.4800    0.0012
    3.5100    0.0008
    3.5400    0.0010
    3.5700    0.0012
    3.6000    0.0013
    3.6300    0.0012
    3.6600    0.0014
    3.6900    0.0016
    3.7200    0.0015
    3.7500    0.0014
    3.7800    0.0014
    3.8100    0.0012
    3.8400    0.0009
    3.8700    0.0011
    3.9000    0.0013
    3.9300    0.0013
    3.9600    0.0011
    3.9900    0.0013
    4.0200    0.0018
    4.0500    0.0019
    4.0800    0.0017
    4.1100    0.0015
    4.1400    0.0015
    4.1700    0.0015
    4.2000    0.0016
    4.2300    0.0017
    4.2600    0.0020
    4.2900    0.0019
    4.3200    0.0017
    4.3500    0.0013
    4.3800    0.0014
    4.4100    0.0017
    4.4400    0.0021
    4.4700    0.0021
    4.5000    0.0021
    4.5300    0.0017
    4.5600    0.0012
    4.5900    0.0011
    4.6200    0.0010
    4.6500    0.0007
    4.6800    0.0007
    4.7100    0.0007
    4.7400    0.0007
    4.7700    0.0011
    4.8000    0.0018
    4.8300    0.0018
    4.8600    0.0014
    4.8900    0.0015
    4.9200    0.0018
    4.9500    0.0017
    4.9800    0.0010
    5.0100    0.0008
    5.0400    0.0016
    5.0700    0.0020
    5.1000    0.0022
    5.1300    0.0018
    5.1600    0.0015
    5.1900    0.0011
    5.2200    0.0010
    5.2500    0.0005
    5.2800    0.0008
    5.3100    0.0011
    5.3400    0.0017
    5.3700    0.0019
    5.4000    0.0017
    5.4300    0.0009
    5.4600    0.0007
    5.4900    0.0015
    5.5200    0.0022
    5.5500    0.0013
    5.5800    0.0002
    5.6100    0.0003
    5.6400    0.0012
    5.6700    0.0014
    5.7000    0.0014
    5.7300    0.0010
    5.7600    0.0004
    5.7900    0.0002
    5.8200    0.0005
    5.8500    0.0004
    5.8800    0.0006
    5.9100    0.0006
    5.9400    0.0007
    5.9700    0.0010
    6.0000    0.0026
    6.0300    0.0031
    6.0600    0.0027
    6.0900    0.0023
    6.1200    0.0024
    6.1500    0.0027
    6.1800    0.0018
    6.2100    0.0003
    6.2400    0.0003
    6.2700    0.0020
    6.3000    0.0025
    6.3300    0.0012
    6.3600    0.0004
    6.3900    0.0010
    6.4200    0.0012
    6.4500    0.0015
    6.4800    0.0018
    6.5100    0.0018
    6.5400    0.0007
    6.5700   -0.0002
    6.6000   -0.0004
    6.6300    0.0001
    6.6600    0.0005
    6.6900    0.0015
    6.7200    0.0019
    6.7500    0.0017
    6.7800    0.0012
    6.8100    0.0013
    6.8400    0.0016
    6.8700    0.0017
    6.9000    0.0007
    6.9300    0.0006
    6.9600    0.0010
    6.9900    0.0026
    7.0200    0.0040
    7.0500    0.0037
    7.0800    0.0019
    7.1100    0.0015
    7.1400    0.0020
    7.1700    0.0006
    7.2000   -0.0002
    7.2300    0.0002
    7.2600    0.0020
    7.2900    0.0030
    7.3200    0.0021
    7.3500    0.0011
    7.3800    0.0016
    7.4100    0.0027
    7.4400    0.0018
    7.4700    0.0017
    7.5000    0.0020
    7.5300    0.0018
    7.5600    0.0003
    7.5900    0.0005
    7.6200    0.0005
    7.6500   -0.0001
    7.6800   -0.0004
    7.7100    0.0016
    7.7400    0.0035
    7.7700    0.0038
    7.8000    0.0027
    7.8300    0.0020
    7.8600    0.0014
    7.8900    0.0002
    7.9200   -0.0003
    7.9500   -0.0008
    7.9800    0.2375
    8.0100    0.3570
    8.0400    0.2422
    8.0700    0.0046
    8.1000    0.0038
    8.1300    0.0052
    8.1600    0.0058
    8.1900    0.0035
    8.2200    0.0018
    8.2500    0.0022
    8.2800    0.0039
    8.3100    0.0049
    8.3400    0.0041
    8.3700    0.0013
    8.4000    0.0001
    8.4300    0.0009
    8.4600    0.0022
    8.4900    0.0031
    8.5200    0.0027
    8.5500    0.0018
    8.5800    0.0015
    8.6100    0.0014
    8.6400    0.0007
    8.6700    0.0015
    8.7000    0.0018
    8.7300    0.0012
    8.7600    0.0025
    8.7900    0.0036
    8.8200    0.0040
    8.8500    0.0036
    8.8800    0.0027
    8.9100    0.0007
    8.9400    0.0009
    8.9700    0.0028
    9.0000    0.0025
    9.0300    0.0011
    9.0600    0.0035
    9.0900    0.0074
    9.1200    0.0070
    9.1500    0.0030
    9.1800    0.0016
    9.2100    0.0011
    9.2400    0.0010
    9.2700    0.0036
    9.3000    0.0054
    9.3300    0.0046
    9.3600    0.0029
    9.3900    0.0029
    9.4200    0.0028
    9.4500    0.0027
    9.4800    0.0023
    9.5100    0.0007
    9.5400    0.0013
    9.5700    0.0026
    9.6000    0.0025
    9.6300    0.0011
    9.6600    0.0007
    9.6900    0.0006
    9.7200    0.0007
    9.7500    0.0014
    9.7800   -0.0003
    9.8100    0.0005
    9.8400    0.0030
    9.8700    0.0066
    9.9000    0.0061
    9.9300    0.0044
    9.9600    0.0028
    9.9900    0.0035
   10.0200    0.0043
   10.0500    0.0031
   10.0800    0.0011
   10.1100   -0.0005
   10.1400   -0.0007
   10.1700    0.0013
   10.2000    0.0017
   10.2300    0.0014
   10.2600   -0.0001
   10.2900    0.0016
   10.3200    0.0021
   10.3500    0.0004
   10.3800   -0.0030
   10.4100   -0.0036
   10.4400   -0.0014
   10.4700    0.0013
   10.5000    0.0004
   10.5300   -0.0003
   10.5600    0.0001
   10.5900    0.0006
   10.6200    0.0005
   10.6500    0.0016
   10.6800    0.0007
   10.7100   -0.0009
   10.7400    0.0000
   10.7700    0.0037
   10.8000    0.0061
