function A = gueymard_ESR 
A = NaN([2460, 3]); 
A(:) = [5.000000e-001 1.500000e+000 2.500000e+000 3.500000e+000 4.500000e+000 5.500000e+000 6.500000e+000 7.500000e+000 8.500000e+000 9.500000e+000 1.050000e+001 1.150000e+001 1.250000e+001 1.350000e+001 1.450000e+001 1.550000e+001 1.650000e+001 1.750000e+001 1.850000e+001 1.950000e+001 2.050000e+001 2.150000e+001 2.250000e+001 2.350000e+001 2.450000e+001 2.550000e+001 2.650000e+001 2.750000e+001 2.850000e+001 2.950000e+001 3.050000e+001 3.150000e+001 3.250000e+001 3.350000e+001 3.450000e+001 3.550000e+001 3.650000e+001 3.750000e+001 3.850000e+001 3.950000e+001 4.050000e+001 4.150000e+001 4.250000e+001 4.350000e+001 4.450000e+001 4.550000e+001 4.650000e+001 4.750000e+001 4.850000e+001 4.950000e+001 5.050000e+001 5.150000e+001 5.250000e+001 5.350000e+001 5.450000e+001 5.550000e+001 5.650000e+001 5.750000e+001 5.850000e+001 5.950000e+001 6.050000e+001 6.150000e+001 6.250000e+001 6.350000e+001 6.450000e+001 6.550000e+001 6.650000e+001 6.750000e+001 6.850000e+001 6.950000e+001 7.050000e+001 7.150000e+001 7.250000e+001 7.350000e+001 7.450000e+001 7.550000e+001 7.650000e+001 7.750000e+001 7.850000e+001 7.950000e+001 8.050000e+001 8.150000e+001 8.250000e+001 8.350000e+001 8.450000e+001 8.550000e+001 8.650000e+001 8.750000e+001 8.850000e+001 8.950000e+001 9.050000e+001 9.150000e+001 9.250000e+001 9.350000e+001 9.450000e+001 9.550000e+001 9.650000e+001 9.750000e+001 9.850000e+001 9.950000e+001 1.005000e+002 1.015000e+002 1.025000e+002 1.035000e+002 1.045000e+002 1.055000e+002 1.065000e+002 1.075000e+002 1.085000e+002 1.095000e+002 1.105000e+002 1.115000e+002 1.125000e+002 1.135000e+002 1.145000e+002 1.155000e+002 1.165000e+002 1.175000e+002 1.185000e+002 1.195000e+002 1.205000e+002 1.215000e+002 1.225000e+002 1.235000e+002 1.245000e+002 1.255000e+002 1.265000e+002 1.275000e+002 1.285000e+002 1.295000e+002 1.305000e+002 1.315000e+002 1.325000e+002 1.335000e+002 1.345000e+002 1.355000e+002 1.365000e+002 1.375000e+002 1.385000e+002 1.395000e+002 1.405000e+002 1.415000e+002 1.425000e+002 1.435000e+002 1.445000e+002 1.455000e+002 1.465000e+002 1.475000e+002 1.485000e+002 1.495000e+002 1.505000e+002 1.515000e+002 1.525000e+002 1.535000e+002 1.545000e+002 1.555000e+002 1.565000e+002 1.575000e+002 1.585000e+002 1.595000e+002 1.605000e+002 1.615000e+002 1.625000e+002 1.635000e+002 1.645000e+002 1.655000e+002 1.665000e+002 1.675000e+002 1.685000e+002 1.695000e+002 1.705000e+002 1.715000e+002 1.725000e+002 1.735000e+002 1.745000e+002 1.755000e+002 1.765000e+002 1.775000e+002 1.785000e+002 1.795000e+002 1.805000e+002 1.815000e+002 1.825000e+002 1.835000e+002 1.845000e+002 1.855000e+002 1.865000e+002 1.875000e+002 1.885000e+002 1.895000e+002 1.905000e+002 1.915000e+002 1.925000e+002 1.935000e+002 1.945000e+002 1.955000e+002 1.965000e+002 1.975000e+002 1.985000e+002 1.995000e+002 2.005000e+002 2.015000e+002 2.025000e+002 2.035000e+002 2.045000e+002 2.055000e+002 2.065000e+002 2.075000e+002 2.085000e+002 2.095000e+002 2.105000e+002 2.115000e+002 2.125000e+002 2.135000e+002 2.145000e+002 2.155000e+002 2.165000e+002 2.175000e+002 2.185000e+002 2.195000e+002 2.205000e+002 2.215000e+002 2.225000e+002 2.235000e+002 2.245000e+002 2.255000e+002 2.265000e+002 2.275000e+002 2.285000e+002 2.295000e+002 2.305000e+002 2.315000e+002 2.325000e+002 2.335000e+002 2.345000e+002 2.355000e+002 2.365000e+002 2.375000e+002 2.385000e+002 2.395000e+002 2.405000e+002 2.415000e+002 2.425000e+002 2.435000e+002 2.445000e+002 2.455000e+002 2.465000e+002 2.475000e+002 2.485000e+002 2.495000e+002 2.505000e+002 2.515000e+002 2.525000e+002 2.535000e+002 2.545000e+002 2.555000e+002 2.565000e+002 2.575000e+002 2.585000e+002 2.595000e+002 2.605000e+002 2.615000e+002 2.625000e+002 2.635000e+002 2.645000e+002 2.655000e+002 2.665000e+002 2.675000e+002 2.685000e+002 2.695000e+002 2.705000e+002 2.715000e+002 2.725000e+002 2.735000e+002 2.745000e+002 2.755000e+002 2.765000e+002 2.775000e+002 2.785000e+002 2.795000e+002 280 2.805000e+002 281 2.815000e+002 282 2.825000e+002 283 2.835000e+002 284 2.845000e+002 285 2.855000e+002 286 2.865000e+002 287 2.875000e+002 288 2.885000e+002 289 2.895000e+002 290 2.905000e+002 291 2.915000e+002 292 2.925000e+002 293 2.935000e+002 294 2.945000e+002 295 2.955000e+002 296 2.965000e+002 297 2.975000e+002 298 2.985000e+002 299 2.995000e+002 300 3.005000e+002 301 3.015000e+002 302 3.025000e+002 303 3.035000e+002 304 3.045000e+002 305 3.055000e+002 306 3.065000e+002 307 3.075000e+002 308 3.085000e+002 309 3.095000e+002 310 3.105000e+002 311 3.115000e+002 312 3.125000e+002 313 3.135000e+002 314 3.145000e+002 315 3.155000e+002 316 3.165000e+002 317 3.175000e+002 318 3.185000e+002 319 3.195000e+002 320 3.205000e+002 321 3.215000e+002 322 3.225000e+002 323 3.235000e+002 324 3.245000e+002 325 3.255000e+002 326 3.265000e+002 327 3.275000e+002 328 3.285000e+002 329 3.295000e+002 330 3.305000e+002 331 3.315000e+002 332 3.325000e+002 333 3.335000e+002 334 3.345000e+002 335 3.355000e+002 336 3.365000e+002 337 3.375000e+002 338 3.385000e+002 339 3.395000e+002 340 3.405000e+002 341 3.415000e+002 342 3.425000e+002 343 3.435000e+002 344 3.445000e+002 345 3.455000e+002 346 3.465000e+002 347 3.475000e+002 348 3.485000e+002 349 3.495000e+002 350 3.505000e+002 351 3.515000e+002 352 3.525000e+002 353 3.535000e+002 354 3.545000e+002 355 3.555000e+002 356 3.565000e+002 357 3.575000e+002 358 3.585000e+002 359 3.595000e+002 360 3.605000e+002 361 3.615000e+002 362 3.625000e+002 363 3.635000e+002 364 3.645000e+002 365 3.655000e+002 366 3.665000e+002 367 3.675000e+002 368 3.685000e+002 369 3.695000e+002 370 3.705000e+002 371 3.715000e+002 372 3.725000e+002 373 3.735000e+002 374 3.745000e+002 375 3.755000e+002 376 3.765000e+002 377 3.775000e+002 378 3.785000e+002 379 3.795000e+002 380 3.805000e+002 381 3.815000e+002 382 3.825000e+002 383 3.835000e+002 384 3.845000e+002 385 3.855000e+002 386 3.865000e+002 387 3.875000e+002 388 3.885000e+002 389 3.895000e+002 390 3.905000e+002 391 3.915000e+002 392 3.925000e+002 393 3.935000e+002 394 3.945000e+002 395 3.955000e+002 396 3.965000e+002 397 3.975000e+002 398 3.985000e+002 399 3.995000e+002 400 401 402 403 404 405 406 407 408 409 410 411 412 413 414 415 416 417 418 419 420 421 422 423 424 425 426 427 428 429 430 431 432 433 434 435 436 437 438 439 440 441 442 443 444 445 446 447 448 449 450 451 452 453 454 455 456 457 458 459 460 461 462 463 464 465 466 467 468 469 470 471 472 473 474 475 476 477 478 479 480 481 482 483 484 485 486 487 488 489 490 491 492 493 494 495 496 497 498 499 500 501 502 503 504 505 506 507 508 509 510 511 512 513 514 515 516 517 518 519 520 521 522 523 524 525 526 527 528 529 530 531 532 533 534 535 536 537 538 539 540 541 542 543 544 545 546 547 548 549 550 551 552 553 554 555 556 557 558 559 560 561 562 563 564 565 566 567 568 569 570 571 572 573 574 575 576 577 578 579 580 581 582 583 584 585 586 587 588 589 590 591 592 593 594 595 596 597 598 599 600 601 602 603 604 605 606 607 608 609 610 611 612 613 614 615 616 617 618 619 620 621 622 623 624 625 626 627 628 629 630 631 632 633 634 635 636 637 638 639 640 641 642 643 644 645 646 647 648 649 650 651 652 653 654 655 656 657 658 659 660 661 662 663 664 665 666 667 668 669 670 671 672 673 674 675 676 677 678 679 680 681 682 683 684 685 686 687 688 689 690 691 692 693 694 695 696 697 698 699 700 701 702 703 704 705 706 707 708 709 710 711 712 713 714 715 716 717 718 719 720 721 722 723 724 725 726 727 728 729 730 731 732 733 734 735 736 737 738 739 740 741 742 743 744 745 746 747 748 749 750 751 752 753 754 755 756 757 758 759 760 761 762 763 764 765 766 767 768 769 770 771 772 773 774 775 776 777 778 779 780 781 782 783 784 785 786 787 788 789 790 791 792 793 794 795 796 797 798 799 800 801 802 803 804 805 806 807 808 809 810 811 812 813 814 815 816 817 818 819 820 821 822 823 824 825 826 827 828 829 830 831 832 833 834 835 836 837 838 839 840 841 842 843 844 845 846 847 848 849 850 851 852 853 854 855 856 857 858 859 860 861 862 863 864 865 