function A = Labsphere_ARM_lampA_ps1 
A = NaN([456, 2]); 
A(:) = [3.026590e+002 3.059590e+002 3.092599e+002 3.125618e+002 3.158645e+002 3.191682e+002 3.224728e+002 3.257782e+002 3.290846e+002 3.323918e+002 3.356998e+002 3.390087e+002 3.423184e+002 3.456289e+002 3.489403e+002 3.522524e+002 3.555654e+002 3.588791e+002 3.621936e+002 3.655088e+002 3.688248e+002 3.721416e+002 3.754590e+002 3.787772e+002 3.820961e+002 3.854156e+002 3.887359e+002 3.920568e+002 3.953784e+002 3.987007e+002 4.020236e+002 4.053471e+002 4.086713e+002 4.119960e+002 4.153214e+002 4.186474e+002 4.219739e+002 4.253010e+002 4.286287e+002 4.319569e+002 4.352857e+002 4.386150e+002 4.419448e+002 4.452751e+002 4.486059e+002 4.519372e+002 4.552689e+002 4.586012e+002 4.619339e+002 4.652670e+002 4.686006e+002 4.719346e+002 4.752690e+002 4.786038e+002 4.819390e+002 4.852746e+002 4.886105e+002 4.919468e+002 4.952835e+002 4.986205e+002 5.019578e+002 5.052955e+002 5.086334e+002 5.119717e+002 5.153102e+002 5.186491e+002 5.219882e+002 5.253275e+002 5.286671e+002 5.320069e+002 5.353470e+002 5.386872e+002 5.420277e+002 5.453684e+002 5.487092e+002 5.520502e+002 5.553914e+002 5.587328e+002 5.620742e+002 5.654158e+002 5.687576e+002 5.720994e+002 5.754413e+002 5.787834e+002 5.821255e+002 5.854676e+002 5.888098e+002 5.921521e+002 5.954944e+002 5.988368e+002 6.021791e+002 6.055215e+002 6.088638e+002 6.122062e+002 6.155485e+002 6.188907e+002 6.222330e+002 6.255751e+002 6.289172e+002 6.322592e+002 6.356012e+002 6.389430e+002 6.422847e+002 6.456263e+002 6.489678e+002 6.523091e+002 6.556503e+002 6.589913e+002 6.623321e+002 6.656728e+002 6.690133e+002 6.723535e+002 6.756936e+002 6.790334e+002 6.823730e+002 6.857123e+002 6.890514e+002 6.923902e+002 6.957287e+002 6.990670e+002 7.024049e+002 7.057426e+002 7.090799e+002 7.124169e+002 7.157535e+002 7.190898e+002 7.224258e+002 7.257613e+002 7.290965e+002 7.324313e+002 7.357657e+002 7.390997e+002 7.424332e+002 7.457663e+002 7.490990e+002 7.524312e+002 7.557630e+002 7.590942e+002 7.624250e+002 7.657553e+002 7.690851e+002 7.724144e+002 7.757431e+002 7.790713e+002 7.823989e+002 7.857260e+002 7.890525e+002 7.923785e+002 7.957038e+002 7.990286e+002 8.023527e+002 8.056762e+002 8.089991e+002 8.123213e+002 8.156429e+002 8.189638e+002 8.222840e+002 8.256036e+002 8.289224e+002 8.322406e+002 8.355580e+002 8.388747e+002 8.421907e+002 8.455059e+002 8.488203e+002 8.521340e+002 8.554469e+002 8.587590e+002 8.620703e+002 8.653809e+002 8.686905e+002 8.719994e+002 8.753074e+002 8.786145e+002 8.819208e+002 8.852263e+002 8.885308e+002 8.918344e+002 8.951372e+002 8.984390e+002 9.017399e+002 9.050398e+002 9.083388e+002 9.116369e+002 9.149339e+002 9.182300e+002 9.215252e+002 9.248193e+002 9.281124e+002 9.314045e+002 9.346955e+002 9.379855e+002 9.412745e+002 9.445624e+002 9.478492e+002 9.511349e+002 9.544196e+002 9.577031e+002 9.609855e+002 9.642668e+002 9.675470e+002 9.708260e+002 9.741039e+002 9.773806e+002 9.806561e+002 9.839304e+002 9.872036e+002 9.904755e+002 9.937462e+002 9.970156e+002 1.000284e+003 1.003551e+003 1.006817e+003 1.010081e+003 1.013344e+003 1.016606e+003 1.019867e+003 1.023126e+003 1.026384e+003 1.029640e+003 1.032896e+003 1.036150e+003 1.039402e+003 1.044764e+003 1.050865e+003 1.056953e+003 1.063027e+003 1.069087e+003 1.075134e+003 1.081167e+003 1.087187e+003 1.093194e+003 1.099188e+003 1.105169e+003 1.111136e+003 1.117091e+003 1.123032e+003 1.128961e+003 1.134877e+003 1.140780e+003 1.146671e+003 1.152549e+003 1.158415e+003 1.164268e+003 1.170108e+003 1.175937e+003 1.181753e+003 1.187557e+003 1.193349e+003 1.199128e+003 1.204896e+003 1.210652e+003 1.216396e+003 1.222128e+003 1.227849e+003 1.233558e+003 1.239255e+003 1.244940e+003 1.250615e+003 1.256277e+003 1.261929e+003 1.267569e+003 1.273198e+003 1.278816e+003 1.284422e+003 1.290018e+003 1.295603e+003 1.301177e+003 1.306740e+003 1.312292e+003 1.317833e+003 1.323364e+003 1.328884e+003 1.334394e+003 1.339893e+003 1.345382e+003 1.350861e+003 1.356329e+003 1.361787e+003 1.367235e+003 1.372673e+003 1.378101e+003 1.383518e+003 1.388926e+003 1.394324e+003 1.399713e+003 1.405091e+003 1.410460e+003 1.415820e+003 1.421169e+003 1.426510e+003 1.431841e+003 1.437162e+003 1.442474e+003 1.447777e+003 1.453071e+003 1.458356e+003 1.463631e+003 1.468898e+003 1.474156e+003 1.479405e+003 1.484645e+003 1.489876e+003 1.495098e+003 1.500312e+003 1.505518e+003 1.510714e+003 1.515903e+003 1.521083e+003 1.526254e+003 1.531417e+003 1.536572e+003 1.541719e+003 1.546858e+003 1.551989e+003 1.557111e+003 1.562226e+003 1.567333e+003 1.572432e+003 1.577523e+003 1.582606e+003 1.587682e+003 1.592750e+003 1.597811e+003 1.602864e+003 1.607910e+003 1.612948e+003 1.617979e+003 1.623003e+003 1.628019e+003 1.633029e+003 1.638031e+003 1.643026e+003 1.648014e+003 1.652996e+003 1.657970e+003 1.662938e+003 1.667898e+003 1.672852e+003 1.677800e+003 1.682741e+003 1.687675e+003 1.692603e+003 1.697524e+003 1.702439e+003 1.707347e+003 1.712249e+003 1.717146e+003 1.722035e+003 1.726919e+003 1.731797e+003 1.736668e+003 1.741534e+003 1.746394e+003 1.751247e+003 1.756096e+003 1.760938e+003 1.765774e+003 1.770605e+003 1.775431e+003 1.780250e+003 1.785065e+003 1.789874e+003 1.794677e+003 1.799475e+003 1.804268e+003 1.809055e+003 1.813838e+003 1.818615e+003 1.823387e+003 1.828154e+003 1.832916e+003 1.837673e+003 1.842426e+003 1.847173e+003 1.851916e+003 1.856654e+003 1.861387e+003 1.866116e+003 1.870840e+003 1.875559e+003 1.880274e+003 1.884985e+003 1.889691e+003 1.894393e+003 1.899090e+003 1.903783e+003 1.908473e+003 1.913158e+003 1.917838e+003 1.922515e+003 1.927188e+003 1.931857e+003 1.936522e+003 1.941183e+003 1.945840e+003 1.950494e+003 1.955143e+003 1.959789e+003 1.964432e+003 1.969071e+003 1.973706e+003 1.978338e+003 1.982967e+003 1.987592e+003 1.992213e+003 1.996832e+003 2.001447e+003 2.006059e+003 2.010668e+003 2.015274e+003 2.019876e+003 2.024476e+003 2.029073e+003 2.033666e+003 2.038257e+003 2.042845e+003 2.047430e+003 2.052013e+003 2.056593e+003 2.061170e+003 2.065744e+003 2.070316e+003 2.074886e+003 2.079452e+003 2.084017e+003 2.088579e+003 2.093139e+003 2.097696e+003 2.102251e+003 2.106804e+003 2.111355e+003 2.115904e+003 2.120450e+003 2.124995e+003 2.129537e+003 2.134078e+003 2.138616e+003 2.143153e+003 2.147688e+003 2.152221e+003 2.156752e+003 2.161282e+003 2.165810e+003 2.170336e+003 2.174861e+003 2.179384e+003 2.183906e+003 2.188426e+003 2.192945e+003 2.197462e+003 2.201978e+003 2.206493e+003 2.211007e+003 2.215519e+003 2.220030e+003 1.911149e+000 2.069811e+000 2.379535e+000 2.512132e+000 2.909409e+000 3.201416e+000 3.559835e+000 4.040150e+000 4.444702e+000 4.989705e+000 5.784617e+000 6.750870e+000 6.890666e+000 7.047199e+000 7.553823e+000 7.854807e+000 8.868219e+000 1.010402e+001 1.108975e+001 1.228788e+001 1.367024e+001 1.485829e+001 1.617682e+001 1.760333e+001 1.901957e+001 2.069839e+001 2.227749e+001 2.417271e+001 2.603798e+001 2.804056e+001 3.002991e+001 3.216381e+001 3.436226e+001 3.649223e+001 3.875619e+001 4.111284e+001 4.349650e+001 4.598940e+001 4.848810e+001 5.101812e+001 5.360215e+001 5.633803e+001 5.910543e+001 6.183439e+001 6.469599e+001 6.754331e+001 7.034807e+001 7.329422e+001 7.635536e+001 7.940839e+001 8.254458e+001 8.562742e+001 8.868100e+001 9.177764e+001 9.476331e+001 9.801985e+001 1.012630e+002 1.046141e+002 1.080655e+002 1.114883e+002 1.147832e+002 1.179987e+002 1.211852e+002 1.244142e+002 1.277385e+002 1.311008e+002 1.345961e+002 1.382355e+002 1.421669e+002 1.457944e+002 1.490726e+002 1.521691e+002 1.551988e+002 1.584625e+002 1.616475e+002 1.650711e+002 1.684451e+002 1.719402e+002 1.753844e+002 1.789630e+002 1.823552e+002 1.857393e+002 1.890949e+002 1.922802e+002 1.954238e+002 1.984844e+002 2.015005e+002 2.046554e+002 2.079035e+002 2.110905e+002 2.142682e+002 2.173437e+002 2.203142e+002 2.232306e+002 2.260532e+002 2.287446e+002 2.316547e+002 2.341776e+002 2.369776e+002 2.398849e+002 2.425919e+002 2.453438e+002 2.480845e+002 2.506348e+002 2.532864e+002 2.557001e+002 2.580340e+002 2.602794e+002 2.628080e+002 2.650794e+002 