function A = sws_20110307_In_resp 
A = NaN([256, 3]); 
A(:) = [9.005097e+002 9.069442e+002 9.133633e+002 9.197673e+002 9.261561e+002 9.325299e+002 9.388887e+002 9.452326e+002 9.515616e+002 9.578759e+002 9.641755e+002 9.704605e+002 9.767309e+002 9.829868e+002 9.892282e+002 9.954554e+002 1.001668e+003 1.007867e+003 1.014051e+003 1.020222e+003 1.026378e+003 1.032521e+003 1.038649e+003 1.044764e+003 1.050865e+003 1.056953e+003 1.063027e+003 1.069087e+003 1.075134e+003 1.081167e+003 1.087187e+003 1.093194e+003 1.099188e+003 1.105169e+003 1.111136e+003 1.117091e+003 1.123032e+003 1.128961e+003 1.134877e+003 1.140780e+003 1.146671e+003 1.152549e+003 1.158415e+003 1.164268e+003 1.170108e+003 1.175937e+003 1.181753e+003 1.187557e+003 1.193349e+003 1.199128e+003 1.204896e+003 1.210652e+003 1.216396e+003 1.222128e+003 1.227849e+003 1.233558e+003 1.239255e+003 1.244940e+003 1.250615e+003 1.256277e+003 1.261929e+003 1.267569e+003 1.273198e+003 1.278816e+003 1.284422e+003 1.290018e+003 1.295603e+003 1.301177e+003 1.306740e+003 1.312292e+003 1.317833e+003 1.323364e+003 1.328884e+003 1.334394e+003 1.339893e+003 1.345382e+003 1.350861e+003 1.356329e+003 1.361787e+003 1.367235e+003 1.372673e+003 1.378101e+003 1.383518e+003 1.388926e+003 1.394324e+003 1.399713e+003 1.405091e+003 1.410460e+003 1.415820e+003 1.421169e+003 1.426510e+003 1.431841e+003 1.437162e+003 1.442474e+003 1.447777e+003 1.453071e+003 1.458356e+003 1.463631e+003 1.468898e+003 1.474156e+003 1.479405e+003 1.484645e+003 1.489876e+003 1.495098e+003 1.500312e+003 1.505518e+003 1.510714e+003 1.515903e+003 1.521083e+003 1.526254e+003 1.531417e+003 1.536572e+003 1.541719e+003 1.546858e+003 1.551989e+003 1.557111e+003 1.562226e+003 1.567333e+003 1.572432e+003 1.577523e+003 1.582606e+003 1.587682e+003 1.592750e+003 1.597811e+003 1.602864e+003 1.607910e+003 1.612948e+003 1.617979e+003 1.623003e+003 1.628019e+003 1.633029e+003 1.638031e+003 1.643026e+003 1.648014e+003 1.652996e+003 1.657970e+003 1.662938e+003 1.667898e+003 1.672852e+003 1.677800e+003 1.682741e+003 1.687675e+003 1.692603e+003 1.697524e+003 1.702439e+003 1.707347e+003 1.712249e+003 1.717146e+003 1.722035e+003 1.726919e+003 1.731797e+003 1.736668e+003 1.741534e+003 1.746394e+003 1.751247e+003 1.756096e+003 1.760938e+003 1.765774e+003 1.770605e+003 1.775431e+003 1.780250e+003 1.785065e+003 1.789874e+003 1.794677e+003 1.799475e+003 1.804268e+003 1.809055e+003 1.813838e+003 1.818615e+003 1.823387e+003 1.828154e+003 1.832916e+003 1.837673e+003 1.842426e+003 1.847173e+003 1.851916e+003 1.856654e+003 1.861387e+003 1.866116e+003 1.870840e+003 1.875559e+003 1.880274e+003 1.884985e+003 1.889691e+003 1.894393e+003 1.899090e+003 1.903783e+003 1.908473e+003 1.913158e+003 1.917838e+003 1.922515e+003 1.927188e+003 1.931857e+003 1.936522e+003 1.941183e+003 1.945840e+003 1.950494e+003 1.955143e+003 1.959789e+003 1.964432e+003 1.969071e+003 1.973706e+003 1.978338e+003 1.982967e+003 1.987592e+003 1.992213e+003 1.996832e+003 2.001447e+003 2.006059e+003 2.010668e+003 2.015274e+003 2.019876e+003 2.024476e+003 2.029073e+003 2.033666e+003 2.038257e+003 2.042845e+003 2.047430e+003 2.052013e+003 2.056593e+003 2.061170e+003 2.065744e+003 2.070316e+003 2.074886e+003 2.079452e+003 2.084017e+003 2.088579e+003 2.093139e+003 2.097696e+003 2.102251e+003 2.106804e+003 2.111355e+003 2.115904e+003 2.120450e+003 2.124995e+003 2.129537e+003 2.134078e+003 2.138616e+003 2.143153e+003 2.147688e+003 2.152221e+003 2.156752e+003 2.161282e+003 2.165810e+003 2.170336e+003 2.174861e+003 2.179384e+003 2.183906e+003 2.188426e+003 2.192945e+003 2.197462e+003 2.201978e+003 2.206493e+003 2.211007e+003 2.215519e+003 2.220030e+003 2.604035e+001 4.025147e+001 6.153794e+001 9.517691e+001 1.317983e+002 1.584095e+002 1.685824e+002 1.766668e+002 1.878918e+002 1.960615e+002 2.062053e+002 2.182161e+002 2.292246e+002 2.400103e+002 2.501716e+002 2.570705e+002 2.660618e+002 2.742721e+002 2.866234e+002 3.020994e+002 3.118142e+002 3.183119e+002 3.250355e+002 3.267927e+002 3.332191e+002 3.378701e+002 3.438000e+002 3.534720e+002 3.716086e+002 3.865899e+002 3.989097e+002 4.127957e+002 4.235092e+002 4.324394e+002 4.426717e+002 4.486422e+002 4.578998e+002 4.644344e+002 4.801228e+002 4.940896e+002 5.092601e+002 5.250743e+002 5.289566e+002 5.463259e+002 5.532538e+002 5.602397e+002 5.661488e+002 5.612254e+002 5.534767e+002 5.533913e+002 5.650159e+002 5.798894e+002 5.837210e+002 5.978645e+002 6.112421e+002 6.273913e+002 6.394480e+002 6.432477e+002 6.536770e+002 6.629881e+002 6.703130e+002 6.847824e+002 6.940330e+002 6.894321e+002 7.116788e+002 7.188909e+002 7.253811e+002 7.321693e+002 7.442290e+002 7.510584e+002 7.553227e+002 7.618574e+002 7.668638e+002 7.714511e+002 7.774502e+002 7.870753e+002 7.992223e+002 8.017597e+002 7.752618e+002 7.322632e+002 7.028079e+002 7.023709e+002 6.798832e+002 5.978635e+002 5.657593e+002 6.183965e+002 6.646248e+002 7.167557e+002 7.620091e+002 7.975790e+002 8.372838e+002 8.628217e+002 8.727950e+002 8.815240e+002 8.847786e+002 8.923976e+002 8.939620e+002 9.031186e+002 9.058598e+002 9.040335e+002 8.890759e+002 8.932797e+002 8.909899e+002 8.918426e+002 8.916141e+002 9.013913e+002 9.037037e+002 9.007570e+002 9.089142e+002 9.110737e+002 9.070752e+002 9.207758e+002 9.219738e+002 9.234387e+002 9.269400e+002 9.351402e+002 9.451517e+002 9.587150e+002 9.767116e+002 9.983828e+002 1.008924e+003 1.012985e+003 1.008073e+003 9.969482e+002 9.896254e+002 9.737333e+002 9.645252e+002 9.581028e+002 9.581584e+002 9.491248e+002 9.510352e+002 9.475165e+002 9.401958e+002 9.460953e+002 9.525040e+002 9.402652e+002 9.509507e+002 9.526894e+002 9.496227e+002 9.529427e+002 9.439597e+002 9.308494e+002 9.128221e+002 8.856611e+002 8.695054e+002 8.615031e+002 8.467899e+002 8.500819e+002 8.633128e+002 8.593126e+002 8.631067e+002 8.411480e+002 8.330464e+002 8.166450e+002 8.085224e+002 7.936794e+002 7.968331e+002 8.065466e+002 8.067655e+002 8.111217e+002 8.095278e+002 8.075404e+002 8.157974e+002 8.173766e+002 8.340094e+002 8.402424e+002 8.491979e+002 8.496593e+002 8.458291e+002 8.248724e+002 8.154424e+002 7.887348e+002 7.763927e+002 7.436683e+002 7.070191e+002 7.122772e+002 7.048088e+002 7.076989e+002 7.121708e+002 7.094718e+002 7.012529e+002 6.530819e+002 6.609388e+002 7.164154e+002 7.377903e+002 7.270856e+002 7.043361e+002 6.789838e+002 6.439578e+002 6.451573e+002 6.539344e+002 6.458517e+002 6.388899e+002 6.515777e+002 6.636747e+002 6.521145e+002 6.567931e+002 6.565277e+002 6.631566e+002 6.624715e+002 6.504513e+002 6.534378e+002 6.570228e+002 6.461063e+002 6.454055e+002 6.407653e+002 6.302129e+002 6.245127e+002 6.210860e+002 6.071944e+002 5.928755e+002 5.929968e+002 5.703259e+002 5.677385e+002 5.559552e+002 5.418277e+002 5.349408e+002 5.173381e+002 5.106555e+002 4.906357e+002 4.932717e+002 4.837962e+002 4.760391e+002 4.670653e+002 4.515335e+002 4.433218e+002 4.420741e+002 4.305213e+002 4.305921e+002 4.244769e+002 4.207094e+002 4.175328e+002 4.084510e+002 4.015838e+002 3.978821e+002 3.827603e+002 3.668454e+002 3.533176e+002 3.317180e+002 3.178040e+002 2.924472e+002 2.787681e+002 2.626833e+002 2.464737e+002 2.272104e+002 2.092922e+002 1.980275e+002 1.799157e+002 1.652479e+002 1.503611e+002 1.250556e+002 1.051844e+002 8.786738e+001 7.497642e+001 6.111170e+001 4.630229e+001 2.604035e+001 4.260992e+001 6.565544e+001 9.617106e+001 1.284616e+002 1.529300e+002 1.678862e+002 1.777137e+002 1.868734e+002 1.967195e+002 2.068276e+002 2.178820e+002 2.291503e+002 2.398022e+002 2.490841e+002 2.577680e+002 2.658015e+002 2.756524e+002 2.876650e+002 3.001790e+002 3.107418e+002 3.183872e+002 3.233800e+002 3.283491e+002 3.326273e+002 3.382964e+002 3.450473e+002 3.562935e+002 3.705568e+002 3.857027e+002 3.994317e+002 4.117382e+002 4.229148e+002 4.328734e+002 4.412511e+002 4.497379e+002 4.569921e+002 4.674856e+002 4.795489e+002 4.944908e+002 5.094747e+002 5.210970e+002 5.334523e+002 5.428454e+002 5.532731e+002 5.598808e+002 5.625380e+002 5.705513e+002 5.785478e+002 5.865278e+002 5.944911e+002 6.024380e+002 6.103685e+002 6.182828e+002 