function A = sws_20110307_Si_resp 
A = NaN([256, 2]); 
A(:) = [3.026590e+002 3.059590e+002 3.092599e+002 3.125618e+002 3.158645e+002 3.191682e+002 3.224728e+002 3.257782e+002 3.290846e+002 3.323918e+002 3.356998e+002 3.390087e+002 3.423184e+002 3.456289e+002 3.489403e+002 3.522524e+002 3.555654e+002 3.588791e+002 3.621936e+002 3.655088e+002 3.688248e+002 3.721416e+002 3.754590e+002 3.787772e+002 3.820961e+002 3.854156e+002 3.887359e+002 3.920568e+002 3.953784e+002 3.987007e+002 4.020236e+002 4.053471e+002 4.086713e+002 4.119960e+002 4.153214e+002 4.186474e+002 4.219739e+002 4.253010e+002 4.286287e+002 4.319569e+002 4.352857e+002 4.386150e+002 4.419448e+002 4.452751e+002 4.486059e+002 4.519372e+002 4.552689e+002 4.586012e+002 4.619339e+002 4.652670e+002 4.686006e+002 4.719346e+002 4.752690e+002 4.786038e+002 4.819390e+002 4.852746e+002 4.886105e+002 4.919468e+002 4.952835e+002 4.986205e+002 5.019578e+002 5.052955e+002 5.086334e+002 5.119717e+002 5.153102e+002 5.186491e+002 5.219882e+002 5.253275e+002 5.286671e+002 5.320069e+002 5.353470e+002 5.386872e+002 5.420277e+002 5.453684e+002 5.487092e+002 5.520502e+002 5.553914e+002 5.587328e+002 5.620742e+002 5.654158e+002 5.687576e+002 5.720994e+002 5.754413e+002 5.787834e+002 5.821255e+002 5.854676e+002 5.888098e+002 5.921521e+002 5.954944e+002 5.988368e+002 6.021791e+002 6.055215e+002 6.088638e+002 6.122062e+002 6.155485e+002 6.188907e+002 6.222330e+002 6.255751e+002 6.289172e+002 6.322592e+002 6.356012e+002 6.389430e+002 6.422847e+002 6.456263e+002 6.489678e+002 6.523091e+002 6.556503e+002 6.589913e+002 6.623321e+002 6.656728e+002 6.690133e+002 6.723535e+002 6.756936e+002 6.790334e+002 6.823730e+002 6.857123e+002 6.890514e+002 6.923902e+002 6.957287e+002 6.990670e+002 7.024049e+002 7.057426e+002 7.090799e+002 7.124169e+002 7.157535e+002 7.190898e+002 7.224258e+002 7.257613e+002 7.290965e+002 7.324313e+002 7.357657e+002 7.390997e+002 7.424332e+002 7.457663e+002 7.490990e+002 7.524312e+002 7.557630e+002 7.590942e+002 7.624250e+002 7.657553e+002 7.690851e+002 7.724144e+002 7.757431e+002 7.790713e+002 7.823989e+002 7.857260e+002 7.890525e+002 7.923785e+002 7.957038e+002 7.990286e+002 8.023527e+002 8.056762e+002 8.089991e+002 8.123213e+002 8.156429e+002 8.189638e+002 8.222840e+002 8.256036e+002 8.289224e+002 8.322406e+002 8.355580e+002 8.388747e+002 8.421907e+002 8.455059e+002 8.488203e+002 8.521340e+002 8.554469e+002 8.587590e+002 8.620703e+002 8.653809e+002 8.686905e+002 8.719994e+002 8.753074e+002 8.786145e+002 8.819208e+002 8.852263e+002 8.885308e+002 8.918344e+002 8.951372e+002 8.984390e+002 9.017399e+002 9.050398e+002 9.083388e+002 9.116369e+002 9.149339e+002 9.182300e+002 9.215252e+002 9.248193e+002 9.281124e+002 9.314045e+002 9.346955e+002 9.379855e+002 9.412745e+002 9.445624e+002 9.478492e+002 9.511349e+002 9.544196e+002 9.577031e+002 9.609855e+002 9.642668e+002 9.675470e+002 9.708260e+002 9.741039e+002 9.773806e+002 9.806561e+002 9.839304e+002 9.872036e+002 9.904755e+002 9.937462e+002 9.970156e+002 1.000284e+003 1.003551e+003 1.006817e+003 1.010081e+003 1.013344e+003 1.016606e+003 1.019867e+003 1.023126e+003 1.026384e+003 1.029640e+003 1.032896e+003 1.036150e+003 1.039402e+003 1.042653e+003 1.045903e+003 1.049151e+003 1.052398e+003 1.055644e+003 1.058888e+003 1.062131e+003 1.065372e+003 1.068612e+003 1.071850e+003 1.075087e+003 1.078322e+003 1.081556e+003 1.084788e+003 1.088019e+003 1.091248e+003 1.094476e+003 1.097702e+003 1.100927e+003 1.104150e+003 1.107371e+003 1.110591e+003 1.113809e+003 1.117026e+003 1.120241e+003 1.123454e+003 1.126666e+003 1.129876e+003 1.133084e+003 1.136291e+003 1.139496e+003 1.142699e+003 1.145901e+003 1.181159e+002 1.126744e+002 1.033058e+002 1.073982e+002 1.023151e+002 1.024487e+002 1.046692e+002 1.042993e+002 1.066662e+002 1.082349e+002 1.056817e+002 1.042413e+002 1.210530e+002 1.381902e+002 1.530295e+002 1.729723e+002 1.824790e+002 1.834216e+002 1.918859e+002 1.919269e+002 1.886556e+002 1.859294e+002 1.814626e+002 1.779039e+002 1.753662e+002 1.730943e+002 1.740597e+002 1.748704e+002 1.781725e+002 1.828976e+002 1.900356e+002 1.982286e+002 2.081430e+002 2.200434e+002 2.327011e+002 2.473231e+002 2.621988e+002 2.768024e+002 2.900464e+002 3.024663e+002 3.122848e+002 3.189883e+002 3.228700e+002 3.243062e+002 3.221203e+002 3.188593e+002 3.132467e+002 3.068446e+002 3.000367e+002 2.934803e+002 2.877692e+002 2.834673e+002 2.802098e+002 2.781643e+002 2.782754e+002 2.787697e+002 2.803742e+002 2.825231e+002 2.850674e+002 2.878073e+002 2.909173e+002 2.948674e+002 2.998034e+002 3.057384e+002 3.124506e+002 3.197124e+002 3.276539e+002 3.357897e+002 3.435324e+002 3.520448e+002 3.606331e+002 3.696200e+002 3.779329e+002 3.851936e+002 3.922760e+002 3.981035e+002 4.036336e+002 4.081453e+002 4.117749e+002 4.137233e+002 4.136906e+002 4.112402e+002 4.045072e+002 3.949558e+002 3.842203e+002 3.737747e+002 3.640690e+002 3.547198e+002 3.468042e+002 3.402101e+002 3.350308e+002 3.307584e+002 3.275951e+002 3.248337e+002 3.227553e+002 3.220814e+002 3.206412e+002 3.196360e+002 3.180772e+002 3.166294e+002 3.149379e+002 3.124040e+002 3.092918e+002 3.074851e+002 3.065937e+002 3.064455e+002 3.066276e+002 3.071071e+002 3.078789e+002 3.094589e+002 3.117778e+002 3.146556e+002 3.181672e+002 3.218333e+002 3.255847e+002 3.285208e+002 3.310700e+002 3.325776e+002 3.340003e+002 3.350319e+002 3.361236e+002 3.373615e+002 3.393858e+002 3.409792e+002 3.423143e+002 3.429953e+002 3.428788e+002 3.417925e+002 3.395020e+002 3.367579e+002 3.330762e+002 3.296006e+002 3.258942e+002 3.231207e+002 3.204033e+002 3.184616e+002 3.162276e+002 3.136411e+002 3.112001e+002 3.082271e+002 3.048591e+002 3.007323e+002 2.959076e+002 2.913009e+002 2.861003e+002 2.806562e+002 2.756253e+002 2.702814e+002 2.652893e+002 2.604104e+002 2.553943e+002 2.503935e+002 2.455720e+002 2.410662e+002 2.361819e+002 2.311780e+002 2.262891e+002 2.210159e+002 2.156113e+002 2.097734e+002 2.036773e+002 1.978516e+002 1.919009e+002 1.859852e+002 1.802465e+002 1.749674e+002 1.697465e+002 1.653060e+002 1.609821e+002 1.572144e+002 1.535473e+002 1.498665e+002 1.464734e+002 1.432252e+002 1.401098e+002 1.368562e+002 1.338257e+002 1.301839e+002 1.263332e+002 1.225374e+002 1.184397e+002 1.143940e+002 1.105709e+002 1.064996e+002 1.025184e+002 9.855046e+001 9.480035e+001 9.098463e+001 8.722061e+001 8.321897e+001 7.905679e+001 7.507559e+001 7.119000e+001 6.786410e+001 6.540071e+001 6.306756e+001 6.089372e+001 5.863560e+001 5.632885e+001 5.393922e+001 5.163498e+001 4.932371e+001 4.698376e+001 4.476564e+001 4.255046e+001 4.020685e+001 3.797511e+001 3.578911e+001 3.357685e+001 3.152018e+001 2.941677e+001 2.735846e+001 2.539487e+001 2.354153e+001 2.174315e+001 2.009079e+001 1.846660e+001 1.697711e+001 1.556277e+001 1.424394e+001 1.300419e+001 1.188622e+001 1.077708e+001 9.788159e+000 8.868733e+000 8.031582e+000 7.224713e+000 6.547951e+000 5.849099e+000 5.293887e+000 4.814272e+000 4.384759e+000 4.033333e+000 3.746359e+000 3.446038e+000 3.236538e+000 3.015814e+000 2.855228e+000 2.673072e+000 2.585060e+000 2.507203e+000 2.573716e+000 2.635049e+000 2.865071e+000 3.260616e+000 3.840383e+000 4.358304e+000 4.845232e+000 5.116846e+000 5.210603e+000 5.223601e+000 5.307045e+000 5.377097e+000 5.497565e+000 5.599798e+000 5.841541e+000 ]; 
return; 
